[1, 1, 1, 1, 1, 1, 0, 0, 0, 0] 210
[1, 1, 1, 1, 1, 1, 0, 0, 0, 0] 210
[1, 1, 1, 1, 1, 1, 0, 0, 0, 0] 210
[1, 1, 1, 1, 1, 1, 0, 0, 0, 0] 210
[1, 1, 1, 1, 1, 1, 0, 0, 0, 0] 210
[1, 1, 1, 1, 1, 1, 0, 0, 0, 0] 210
[1, 1, 1, 1, 1, 1, 0, 0, 0, 0] 210
[1, 1, 1, 1, 1, 1, 0, 0, 0, 0] 210
[1, 1, 1, 1, 1, 1, 0, 0, 0, 0] 210
[1, 1, 1, 1, 1, 1, 0, 0, 0, 0] 210
[1, 1, 1, 1, 1, 1, 0, 0, 0, 0] 210
[1, 1, 1, 1, 1, 1, 0, 0, 0, 0] 210
[1, 1, 1, 1, 1, 1, 0, 0, 0, 0] 210
[1, 1, 1, 1, 1, 1, 0, 0, 0, 0] 210
[1, 1, 1, 1, 1, 1, 0, 0, 0, 0] 210
[1, 1, 0, 1, 1, 1, 0, 0, 0, 0] 200
[1, 1, 0, 1, 1, 1, 0, 0, 0, 0] 200
[1, 1, 0, 1, 1, 1, 0, 0, 0, 0] 200
[1, 1, 0, 1, 1, 1, 0, 0, 0, 0] 200
[1, 1, 0, 1, 1, 1, 0, 0, 0, 0] 200
[1, 1, 0, 1, 1, 1, 0, 0, 0, 0] 200
[1, 1, 0, 1, 1, 1, 0, 0, 0, 0] 200
[1, 1, 0, 1, 1, 1, 0, 0, 0, 0] 200
[1, 1, 0, 1, 1, 1, 0, 0, 0, 0] 200
[1, 1, 0, 1, 1, 1, 0, 0, 0, 0] 200
[1, 1, 0, 1, 1, 1, 0, 0, 0, 0] 200
[1, 1, 0, 1, 1, 1, 0, 0, 0, 0] 200
[1, 1, 0, 1, 1, 1, 0, 0, 0, 0] 200
[1, 1, 0, 1, 1, 1, 0, 0, 0, 0] 200
[1, 1, 0, 1, 1, 1, 0, 0, 0, 0] 200
[1, 1, 0, 1, 1, 1, 0, 0, 0, 0] 200
[1, 1, 0, 1, 1, 1, 0, 0, 0, 0] 200
[1, 1, 0, 1, 1, 1, 0, 0, 0, 0] 200
[1, 1, 0, 1, 1, 1, 0, 0, 0, 0] 200
[1, 1, 0, 1, 1, 1, 0, 0, 0, 0] 200
[1, 1, 0, 1, 1, 1, 0, 0, 0, 0] 200
[1, 1, 1, 0, 1, 1, 0, 0, 0, 0] 190
[0, 1, 1, 1, 1, 1, 0, 0, 0, 0] 190
[0, 1, 1, 1, 1, 1, 0, 0, 0, 0] 190
[1, 1, 1, 0, 1, 1, 0, 0, 0, 0] 190
[0, 1, 1, 1, 1, 1, 0, 0, 0, 0] 190
[1, 1, 1, 0, 1, 1, 0, 0, 0, 0] 190
[1, 1, 1, 0, 1, 1, 0, 0, 0, 0] 190
[1, 0, 1, 1, 1, 1, 0, 0, 0, 0] 190
[0, 1, 1, 1, 1, 1, 0, 0, 0, 0] 190
[1, 0, 1, 1, 1, 1, 0, 0, 0, 0] 190
[1, 1, 1, 0, 1, 1, 0, 0, 0, 0] 190
[0, 1, 1, 1, 1, 1, 0, 0, 0, 0] 190
[0, 1, 1, 1, 1, 1, 0, 0, 0, 0] 190
[1, 0, 1, 1, 1, 1, 0, 0, 0, 0] 190
[0, 1, 1, 1, 1, 1, 0, 0, 0, 0] 190
[1, 1, 1, 0, 1, 1, 0, 0, 0, 0] 190
[1, 0, 1, 1, 1, 1, 0, 0, 0, 0] 190
[0, 1, 1, 1, 1, 1, 0, 0, 0, 0] 190
[1, 1, 1, 0, 1, 1, 0, 0, 0, 0] 190
[1, 1, 1, 0, 1, 1, 0, 0, 0, 0] 190
[0, 1, 1, 1, 1, 1, 0, 0, 0, 0] 190
[1, 1, 1, 0, 1, 1, 0, 0, 0, 0] 190
[0, 1, 1, 1, 1, 1, 0, 0, 0, 0] 190
[1, 0, 1, 1, 1, 1, 0, 0, 0, 0] 190
[1, 1, 1, 0, 1, 1, 0, 0, 0, 0] 190
[1, 0, 1, 1, 1, 1, 0, 0, 0, 0] 190
[0, 1, 1, 1, 1, 1, 0, 0, 0, 0] 190
[0, 1, 1, 1, 1, 1, 0, 0, 0, 0] 190
[1, 0, 1, 1, 1, 1, 0, 0, 0, 0] 190
[1, 1, 1, 0, 1, 1, 0, 0, 0, 0] 190
[1, 1, 1, 0, 1, 1, 0, 0, 0, 0] 190
[1, 1, 1, 0, 1, 1, 0, 0, 0, 0] 190
[1, 0, 1, 1, 1, 1, 0, 0, 0, 0] 190
[1, 0, 1, 1, 1, 1, 0, 0, 0, 0] 190
[0, 1, 1, 1, 1, 1, 0, 0, 0, 0] 190
[1, 1, 1, 0, 1, 1, 0, 0, 0, 0] 190
[0, 1, 1, 1, 1, 1, 0, 0, 0, 0] 190
[1, 1, 1, 0, 1, 1, 0, 0, 0, 0] 190
[1, 1, 1, 0, 1, 1, 0, 0, 0, 0] 190
[1, 0, 1, 1, 1, 1, 0, 0, 0, 0] 190
[1, 0, 1, 1, 1, 1, 0, 0, 0, 0] 190
[0, 1, 1, 1, 1, 1, 0, 0, 0, 0] 190
[1, 0, 1, 1, 1, 1, 0, 0, 0, 0] 190
[1, 0, 1, 1, 1, 1, 0, 0, 0, 0] 190
[1, 1, 1, 0, 1, 1, 0, 0, 0, 0] 190
[1, 1, 1, 0, 1, 1, 0, 0, 0, 0] 190
[1, 0, 1, 1, 1, 1, 0, 0, 0, 0] 190
[0, 1, 1, 1, 1, 1, 0, 0, 0, 0] 190
[1, 0, 1, 1, 1, 1, 0, 0, 0, 0] 190
[0, 1, 1, 1, 1, 1, 0, 0, 0, 0] 190
[1, 1, 1, 0, 1, 1, 0, 0, 0, 0] 190
[1, 1, 1, 0, 1, 1, 0, 0, 0, 0] 190
[1, 1, 1, 0, 1, 1, 0, 0, 0, 0] 190
[1, 1, 1, 0, 1, 1, 0, 0, 0, 0] 190
[1, 0, 1, 1, 1, 1, 0, 0, 0, 0] 190
[1, 1, 0, 0, 1, 1, 0, 0, 0, 0] 180
[0, 1, 0, 1, 1, 1, 0, 0, 0, 0] 180
[1, 1, 0, 0, 1, 1, 0, 0, 0, 0] 180
[0, 1, 0, 1, 1, 1, 0, 0, 0, 0] 180
[0, 1, 0, 1, 1, 1, 0, 0, 0, 0] 180
[1, 0, 0, 1, 1, 1, 0, 0, 0, 0] 180
[1, 1, 0, 0, 1, 1, 0, 0, 0, 0] 180
[0, 1, 0, 1, 1, 1, 0, 0, 0, 0] 180
[1, 0, 0, 1, 1, 1, 0, 0, 0, 0] 180
[0, 1, 0, 1, 1, 1, 0, 0, 0, 0] 180
[1, 1, 0, 0, 1, 1, 0, 0, 0, 0] 180
[1, 1, 0, 0, 1, 1, 0, 0, 0, 0] 180
[1, 0, 0, 1, 1, 1, 0, 0, 0, 0] 180
[1, 0, 0, 1, 1, 1, 0, 0, 0, 0] 180
[1, 0, 0, 1, 1, 1, 0, 0, 0, 0] 180
[1, 0, 0, 1, 1, 1, 0, 0, 0, 0] 180
[0, 1, 0, 1, 1, 1, 0, 0, 0, 0] 180
[1, 1, 0, 0, 1, 1, 0, 0, 0, 0] 180
[0, 1, 0, 1, 1, 1, 0, 0, 0, 0] 180
[0, 1, 0, 1, 1, 1, 0, 0, 0, 0] 180
[1, 0, 0, 1, 1, 1, 0, 0, 0, 0] 180
[1, 1, 0, 0, 1, 1, 0, 0, 0, 0] 180
[1, 0, 0, 1, 1, 1, 0, 0, 0, 0] 180
[0, 1, 0, 1, 1, 1, 0, 0, 0, 0] 180
[1, 0, 0, 1, 1, 1, 0, 0, 0, 0] 180
[1, 0, 0, 1, 1, 1, 0, 0, 0, 0] 180
[0, 1, 0, 1, 1, 1, 0, 0, 0, 0] 180
[0, 1, 0, 1, 1, 1, 0, 0, 0, 0] 180
[0, 1, 0, 1, 1, 1, 0, 0, 0, 0] 180
[0, 1, 0, 1, 1, 1, 0, 0, 0, 0] 180
[1, 1, 0, 0, 1, 1, 0, 0, 0, 0] 180
[1, 0, 0, 1, 1, 1, 0, 0, 0, 0] 180
[0, 1, 0, 1, 1, 1, 0, 0, 0, 0] 180
[1, 0, 0, 1, 1, 1, 0, 0, 0, 0] 180
[0, 1, 0, 1, 1, 1, 0, 0, 0, 0] 180
[1, 0, 0, 1, 1, 1, 0, 0, 0, 0] 180
[1, 1, 0, 0, 1, 1, 0, 0, 0, 0] 180
[1, 0, 0, 1, 1, 1, 0, 0, 0, 0] 180
[0, 1, 0, 1, 1, 1, 0, 0, 0, 0] 180
[1, 1, 0, 0, 1, 1, 0, 0, 0, 0] 180
[1, 0, 0, 1, 1, 1, 0, 0, 0, 0] 180
[1, 0, 0, 1, 1, 1, 0, 0, 0, 0] 180
[1, 0, 0, 1, 1, 1, 0, 0, 0, 0] 180
[1, 0, 0, 1, 1, 1, 0, 0, 0, 0] 180
[1, 1, 0, 0, 1, 1, 0, 0, 0, 0] 180
[0, 1, 0, 1, 1, 1, 0, 0, 0, 0] 180
[1, 0, 0, 1, 1, 1, 0, 0, 0, 0] 180
[1, 1, 0, 0, 1, 1, 0, 0, 0, 0] 180
[1, 1, 0, 0, 1, 1, 0, 0, 0, 0] 180
[0, 1, 0, 1, 1, 1, 0, 0, 0, 0] 180
[1, 1, 0, 0, 1, 1, 0, 0, 0, 0] 180
[0, 0, 1, 1, 1, 1, 0, 0, 0, 0] 170
[0, 0, 1, 1, 1, 1, 0, 0, 0, 0] 170
[1, 0, 1, 0, 1, 1, 0, 0, 0, 0] 170
[0, 1, 1, 0, 1, 1, 0, 0, 0, 0] 170
[0, 0, 1, 1, 1, 1, 0, 0, 0, 0] 170
[0, 1, 1, 0, 1, 1, 0, 0, 0, 0] 170
[0, 0, 1, 1, 1, 1, 0, 0, 0, 0] 170
[1, 0, 1, 0, 1, 1, 0, 0, 0, 0] 170
[0, 1, 1, 0, 1, 1, 0, 0, 0, 0] 170
[0, 1, 1, 0, 1, 1, 0, 0, 0, 0] 170
[0, 0, 1, 1, 1, 1, 0, 0, 0, 0] 170
[0, 0, 1, 1, 1, 1, 0, 0, 0, 0] 170
[0, 1, 1, 0, 1, 1, 0, 0, 0, 0] 170
[0, 1, 1, 0, 1, 1, 0, 0, 0, 0] 170
[0, 0, 1, 1, 1, 1, 0, 0, 0, 0] 170
[0, 0, 1, 1, 1, 1, 0, 0, 0, 0] 170
[0, 0, 1, 1, 1, 1, 0, 0, 0, 0] 170
[0, 1, 1, 0, 1, 1, 0, 0, 0, 0] 170
[0, 0, 1, 1, 1, 1, 0, 0, 0, 0] 170
[0, 1, 1, 0, 1, 1, 0, 0, 0, 0] 170
[0, 0, 1, 1, 1, 1, 0, 0, 0, 0] 170
[0, 0, 1, 1, 1, 1, 0, 0, 0, 0] 170
[0, 0, 1, 1, 1, 1, 0, 0, 0, 0] 170
[0, 1, 1, 0, 1, 1, 0, 0, 0, 0] 170
[0, 0, 1, 1, 1, 1, 0, 0, 0, 0] 170
[1, 0, 1, 0, 1, 1, 0, 0, 0, 0] 170
[0, 1, 1, 0, 1, 1, 0, 0, 0, 0] 170
[0, 1, 1, 0, 1, 1, 0, 0, 0, 0] 170
[1, 0, 1, 0, 1, 1, 0, 0, 0, 0] 170
[0, 1, 1, 0, 1, 1, 0, 0, 0, 0] 170
[1, 0, 1, 0, 1, 1, 0, 0, 0, 0] 170
[0, 1, 1, 0, 1, 1, 0, 0, 0, 0] 170
[1, 0, 1, 0, 1, 1, 0, 0, 0, 0] 170
[0, 0, 1, 1, 1, 1, 0, 0, 0, 0] 170
[0, 0, 1, 1, 1, 1, 0, 0, 0, 0] 170
[0, 1, 1, 0, 1, 1, 0, 0, 0, 0] 170
[0, 0, 1, 1, 1, 1, 0, 0, 0, 0] 170
[0, 1, 1, 0, 1, 1, 0, 0, 0, 0] 170
[0, 0, 1, 1, 1, 1, 0, 0, 0, 0] 170
[0, 0, 1, 1, 1, 1, 0, 0, 0, 0] 170
[0, 0, 1, 1, 1, 1, 0, 0, 0, 0] 170
[1, 0, 1, 0, 1, 1, 0, 0, 0, 0] 170
[1, 0, 1, 0, 1, 1, 0, 0, 0, 0] 170
[0, 1, 1, 0, 1, 1, 0, 0, 0, 0] 170
[0, 1, 1, 0, 1, 1, 0, 0, 0, 0] 170
[1, 0, 1, 0, 1, 1, 0, 0, 0, 0] 170
[0, 0, 1, 1, 1, 1, 0, 0, 0, 0] 170
[1, 0, 1, 0, 1, 1, 0, 0, 0, 0] 170
[0, 1, 1, 0, 1, 1, 0, 0, 0, 0] 170
[0, 1, 1, 0, 1, 1, 0, 0, 0, 0] 170
[0, 1, 1, 0, 1, 1, 0, 0, 0, 0] 170
[0, 1, 0, 0, 1, 1, 0, 0, 0, 0] 160
[0, 0, 0, 1, 1, 1, 0, 0, 0, 0] 160
[0, 1, 0, 0, 1, 1, 0, 0, 0, 0] 160
[1, 0, 0, 0, 1, 1, 0, 0, 0, 0] 160
[1, 0, 0, 0, 1, 1, 0, 0, 0, 0] 160
[1, 0, 0, 0, 1, 1, 0, 0, 0, 0] 160
[0, 1, 0, 0, 1, 1, 0, 0, 0, 0] 160
[0, 0, 0, 1, 1, 1, 0, 0, 0, 0] 160
[1, 0, 0, 0, 1, 1, 0, 0, 0, 0] 160
[0, 0, 0, 1, 1, 1, 0, 0, 0, 0] 160
[1, 0, 0, 0, 1, 1, 0, 0, 0, 0] 160
[1, 0, 0, 0, 1, 1, 0, 0, 0, 0] 160
[0, 1, 0, 0, 1, 1, 0, 0, 0, 0] 160
[0, 1, 0, 0, 1, 1, 0, 0, 0, 0] 160
[0, 0, 0, 1, 1, 1, 0, 0, 0, 0] 160
[0, 0, 0, 1, 1, 1, 0, 0, 0, 0] 160
[0, 1, 0, 0, 1, 1, 0, 0, 0, 0] 160
[0, 0, 0, 1, 1, 1, 0, 0, 0, 0] 160
[0, 1, 0, 0, 1, 1, 0, 0, 0, 0] 160
[1, 0, 0, 0, 1, 1, 0, 0, 0, 0] 160
[0, 1, 0, 0, 1, 1, 0, 0, 0, 0] 160
[0, 1, 0, 0, 1, 1, 0, 0, 0, 0] 160
[1, 0, 0, 0, 1, 1, 0, 0, 0, 0] 160
[0, 1, 0, 0, 1, 1, 0, 0, 0, 0] 160
[0, 0, 0, 1, 1, 1, 0, 0, 0, 0] 160
[0, 1, 0, 0, 1, 1, 0, 0, 0, 0] 160
[0, 1, 0, 0, 1, 1, 0, 0, 0, 0] 160
[0, 1, 0, 0, 1, 1, 0, 0, 0, 0] 160
[1, 0, 0, 0, 1, 1, 0, 0, 0, 0] 160
[0, 1, 0, 0, 1, 1, 0, 0, 0, 0] 160
[0, 0, 0, 1, 1, 1, 0, 0, 0, 0] 160
[0, 1, 0, 0, 1, 1, 0, 0, 0, 0] 160
[1, 0, 0, 0, 1, 1, 0, 0, 0, 0] 160
[0, 1, 0, 0, 1, 1, 0, 0, 0, 0] 160
[0, 0, 0, 1, 1, 1, 0, 0, 0, 0] 160
[0, 1, 0, 0, 1, 1, 0, 0, 0, 0] 160
[1, 0, 0, 0, 1, 1, 0, 0, 0, 0] 160
[0, 0, 0, 1, 1, 1, 0, 0, 0, 0] 160
[0, 0, 0, 1, 1, 1, 0, 0, 0, 0] 160
[0, 0, 0, 1, 1, 1, 0, 0, 0, 0] 160
[0, 0, 1, 0, 1, 1, 0, 0, 0, 0] 150
[0, 0, 1, 0, 1, 1, 0, 0, 0, 0] 150
[0, 0, 1, 0, 1, 1, 0, 0, 0, 0] 150
[0, 0, 1, 0, 1, 1, 0, 0, 0, 0] 150
[0, 0, 1, 0, 1, 1, 0, 0, 0, 0] 150
[0, 0, 1, 0, 1, 1, 0, 0, 0, 0] 150
[0, 0, 1, 0, 1, 1, 0, 0, 0, 0] 150
[0, 0, 1, 0, 1, 1, 0, 0, 0, 0] 150
[0, 0, 1, 0, 1, 1, 0, 0, 0, 0] 150
[0, 0, 1, 0, 1, 1, 0, 0, 0, 0] 150
[0, 0, 1, 0, 1, 1, 0, 0, 0, 0] 150
[0, 0, 1, 0, 1, 1, 0, 0, 0, 0] 150
[0, 0, 1, 0, 1, 1, 0, 0, 0, 0] 150
[0, 0, 1, 0, 1, 1, 0, 0, 0, 0] 150
[0, 0, 1, 0, 1, 1, 0, 0, 0, 0] 150
[0, 0, 1, 0, 1, 1, 0, 0, 0, 0] 150
[0, 0, 1, 0, 1, 1, 0, 0, 0, 0] 150
[0, 0, 1, 0, 1, 1, 0, 0, 0, 0] 150
[0, 0, 1, 0, 1, 1, 0, 0, 0, 0] 150
[0, 0, 1, 0, 1, 1, 0, 0, 0, 0] 150
[0, 0, 1, 0, 1, 1, 0, 0, 0, 0] 150
[0, 0, 1, 0, 1, 1, 0, 0, 0, 0] 150
[1, 1, 1, 1, 1, 0, 0, 0, 0, 0] 140
[1, 1, 1, 1, 0, 1, 0, 0, 0, 0] 140
[1, 1, 1, 1, 0, 1, 0, 0, 0, 0] 140
[1, 1, 1, 1, 1, 0, 0, 0, 0, 0] 140
[0, 0, 0, 0, 1, 1, 0, 0, 0, 0] 140
[0, 0, 0, 0, 1, 1, 0, 0, 0, 0] 140
[1, 1, 1, 1, 1, 0, 0, 0, 0, 0] 140
[0, 0, 0, 0, 1, 1, 0, 0, 0, 0] 140
[1, 1, 1, 1, 1, 0, 0, 0, 0, 0] 140
[1, 1, 1, 1, 1, 0, 0, 0, 0, 0] 140
[1, 1, 1, 1, 0, 1, 0, 0, 0, 0] 140
[0, 0, 0, 0, 1, 1, 0, 0, 0, 0] 140
[1, 1, 1, 1, 1, 0, 0, 0, 0, 0] 140
[0, 0, 0, 0, 1, 1, 0, 0, 0, 0] 140
[1, 1, 1, 1, 1, 0, 0, 0, 0, 0] 140
[1, 1, 1, 1, 1, 0, 0, 0, 0, 0] 140
[1, 1, 1, 1, 0, 1, 0, 0, 0, 0] 140
[0, 0, 0, 0, 1, 1, 0, 0, 0, 0] 140
[1, 1, 1, 1, 0, 1, 0, 0, 0, 0] 140
[0, 0, 0, 0, 1, 1, 0, 0, 0, 0] 140
[0, 0, 0, 0, 1, 1, 0, 0, 0, 0] 140
[1, 1, 1, 1, 1, 0, 0, 0, 0, 0] 140
[1, 1, 1, 1, 0, 1, 0, 0, 0, 0] 140
[0, 0, 0, 0, 1, 1, 0, 0, 0, 0] 140
[1, 1, 1, 1, 0, 1, 0, 0, 0, 0] 140
[0, 0, 0, 0, 1, 1, 0, 0, 0, 0] 140
[0, 0, 0, 0, 1, 1, 0, 0, 0, 0] 140
[1, 1, 1, 1, 1, 0, 0, 0, 0, 0] 140
[1, 1, 1, 1, 1, 0, 0, 0, 0, 0] 140
[1, 1, 1, 1, 1, 0, 0, 0, 0, 0] 140
[1, 1, 1, 1, 0, 1, 0, 0, 0, 0] 140
[1, 1, 1, 1, 1, 0, 0, 0, 0, 0] 140
[1, 1, 1, 1, 1, 0, 0, 0, 0, 0] 140
[1, 1, 1, 1, 1, 0, 0, 0, 0, 0] 140
[0, 0, 0, 0, 1, 1, 0, 0, 0, 0] 140
[0, 0, 0, 0, 1, 1, 0, 0, 0, 0] 140
[1, 1, 1, 1, 1, 0, 0, 0, 0, 0] 140
[1, 1, 1, 1, 0, 1, 0, 0, 0, 0] 140
[1, 1, 1, 1, 1, 0, 0, 0, 0, 0] 140
[1, 1, 1, 1, 0, 1, 0, 0, 0, 0] 140
[0, 0, 0, 0, 1, 1, 0, 0, 0, 0] 140
[1, 1, 1, 1, 0, 1, 0, 0, 0, 0] 140
[1, 1, 1, 1, 0, 1, 0, 0, 0, 0] 140
[1, 1, 0, 1, 1, 0, 0, 0, 0, 0] 130
[1, 1, 0, 1, 0, 1, 0, 0, 0, 0] 130
[1, 1, 0, 1, 0, 1, 0, 0, 0, 0] 130
[1, 1, 0, 1, 1, 0, 0, 0, 0, 0] 130
[1, 1, 0, 1, 0, 1, 0, 0, 0, 0] 130
[1, 1, 0, 1, 1, 0, 0, 0, 0, 0] 130
[1, 1, 0, 1, 0, 1, 0, 0, 0, 0] 130
[1, 1, 0, 1, 0, 1, 0, 0, 0, 0] 130
[1, 1, 0, 1, 0, 1, 0, 0, 0, 0] 130
[1, 1, 0, 1, 0, 1, 0, 0, 0, 0] 130
[1, 1, 0, 1, 0, 1, 0, 0, 0, 0] 130
[1, 1, 0, 1, 1, 0, 0, 0, 0, 0] 130
[1, 1, 0, 1, 0, 1, 0, 0, 0, 0] 130
[1, 1, 0, 1, 0, 1, 0, 0, 0, 0] 130
[1, 1, 0, 1, 1, 0, 0, 0, 0, 0] 130
[1, 1, 0, 1, 0, 1, 0, 0, 0, 0] 130
[1, 1, 0, 1, 1, 0, 0, 0, 0, 0] 130
[1, 1, 0, 1, 1, 0, 0, 0, 0, 0] 130
[1, 1, 0, 1, 0, 1, 0, 0, 0, 0] 130
[1, 1, 0, 1, 0, 1, 0, 0, 0, 0] 130
[1, 1, 0, 1, 0, 1, 0, 0, 0, 0] 130
[1, 1, 0, 1, 0, 1, 0, 0, 0, 0] 130
[1, 1, 0, 1, 0, 1, 0, 0, 0, 0] 130
[1, 1, 0, 1, 1, 0, 0, 0, 0, 0] 130
[1, 1, 0, 1, 1, 0, 0, 0, 0, 0] 130
[1, 1, 0, 1, 0, 1, 0, 0, 0, 0] 130
[1, 1, 0, 1, 1, 0, 0, 0, 0, 0] 130
[1, 1, 0, 1, 0, 1, 0, 0, 0, 0] 130
[1, 1, 0, 1, 0, 1, 0, 0, 0, 0] 130
[1, 1, 0, 1, 0, 1, 0, 0, 0, 0] 130
[1, 1, 0, 1, 0, 1, 0, 0, 0, 0] 130
[1, 1, 0, 1, 0, 1, 0, 0, 0, 0] 130
[1, 1, 1, 0, 0, 1, 0, 0, 0, 0] 120
[1, 0, 1, 1, 0, 1, 0, 0, 0, 0] 120
[0, 1, 1, 1, 0, 1, 0, 0, 0, 0] 120
[0, 1, 1, 1, 1, 0, 0, 0, 0, 0] 120
[0, 1, 1, 1, 0, 1, 0, 0, 0, 0] 120
[1, 1, 1, 0, 0, 1, 0, 0, 0, 0] 120
[0, 1, 1, 1, 0, 1, 0, 0, 0, 0] 120
[0, 1, 1, 1, 0, 1, 0, 0, 0, 0] 120
[1, 1, 1, 0, 1, 0, 0, 0, 0, 0] 120
[1, 1, 1, 0, 1, 0, 0, 0, 0, 0] 120
[1, 1, 1, 0, 1, 0, 0, 0, 0, 0] 120
[0, 1, 1, 1, 0, 1, 0, 0, 0, 0] 120
[1, 1, 1, 0, 1, 0, 0, 0, 0, 0] 120
[1, 1, 1, 0, 1, 0, 0, 0, 0, 0] 120
[1, 0, 1, 1, 1, 0, 0, 0, 0, 0] 120
[0, 1, 1, 1, 0, 1, 0, 0, 0, 0] 120
[1, 0, 1, 1, 0, 1, 0, 0, 0, 0] 120
[0, 1, 1, 1, 1, 0, 0, 0, 0, 0] 120
[1, 0, 1, 1, 1, 0, 0, 0, 0, 0] 120
[1, 0, 1, 1, 0, 1, 0, 0, 0, 0] 120
[1, 1, 1, 0, 0, 1, 0, 0, 0, 0] 120
[0, 1, 1, 1, 1, 0, 0, 0, 0, 0] 120
[1, 0, 1, 1, 0, 1, 0, 0, 0, 0] 120
[0, 1, 1, 1, 1, 0, 0, 0, 0, 0] 120
[1, 1, 1, 0, 0, 1, 0, 0, 0, 0] 120
[1, 1, 1, 0, 1, 0, 0, 0, 0, 0] 120
[0, 1, 1, 1, 1, 0, 0, 0, 0, 0] 120
[1, 0, 1, 1, 1, 0, 0, 0, 0, 0] 120
[1, 0, 1, 1, 0, 1, 0, 0, 0, 0] 120
[0, 1, 1, 1, 0, 1, 0, 0, 0, 0] 120
[1, 1, 1, 0, 1, 0, 0, 0, 0, 0] 120
[0, 1, 1, 1, 1, 0, 0, 0, 0, 0] 120
[1, 0, 1, 1, 1, 0, 0, 0, 0, 0] 120
[1, 0, 1, 1, 0, 1, 0, 0, 0, 0] 120
[1, 1, 1, 0, 0, 1, 0, 0, 0, 0] 120
[1, 1, 1, 0, 0, 1, 0, 0, 0, 0] 120
[1, 0, 1, 1, 1, 0, 0, 0, 0, 0] 120
[0, 1, 1, 1, 0, 1, 0, 0, 0, 0] 120
[1, 1, 1, 0, 1, 0, 0, 0, 0, 0] 120
[0, 1, 1, 1, 0, 1, 0, 0, 0, 0] 120
[1, 0, 1, 1, 0, 1, 0, 0, 0, 0] 120
[0, 1, 1, 1, 0, 1, 0, 0, 0, 0] 120
[1, 1, 1, 0, 1, 0, 0, 0, 0, 0] 120
[0, 1, 1, 1, 1, 0, 0, 0, 0, 0] 120
[1, 1, 1, 0, 0, 1, 0, 0, 0, 0] 120
[1, 1, 1, 0, 1, 0, 0, 0, 0, 0] 120
[1, 0, 1, 1, 0, 1, 0, 0, 0, 0] 120
[1, 0, 1, 1, 1, 0, 0, 0, 0, 0] 120
[1, 1, 1, 0, 1, 0, 0, 0, 0, 0] 120
[1, 0, 1, 1, 0, 1, 0, 0, 0, 0] 120
[1, 0, 1, 1, 0, 1, 0, 0, 0, 0] 120
[0, 1, 1, 1, 1, 0, 0, 0, 0, 0] 120
[0, 1, 1, 1, 1, 0, 0, 0, 0, 0] 120
[1, 1, 1, 0, 1, 0, 0, 0, 0, 0] 120
[0, 1, 1, 1, 0, 1, 0, 0, 0, 0] 120
[0, 1, 1, 1, 0, 1, 0, 0, 0, 0] 120
[1, 1, 1, 0, 1, 0, 0, 0, 0, 0] 120
[1, 0, 1, 1, 1, 0, 0, 0, 0, 0] 120
[1, 1, 1, 0, 0, 1, 0, 0, 0, 0] 120
[0, 1, 1, 1, 0, 1, 0, 0, 0, 0] 120
[1, 1, 1, 0, 1, 0, 0, 0, 0, 0] 120
[1, 0, 1, 1, 0, 1, 0, 0, 0, 0] 120
[1, 0, 1, 1, 1, 0, 0, 0, 0, 0] 120
[0, 1, 1, 1, 0, 1, 0, 0, 0, 0] 120
[0, 1, 1, 1, 0, 1, 0, 0, 0, 0] 120
[1, 1, 1, 0, 1, 0, 0, 0, 0, 0] 120
[1, 0, 1, 1, 1, 0, 0, 0, 0, 0] 120
[1, 0, 1, 1, 1, 0, 0, 0, 0, 0] 120
[0, 1, 1, 1, 0, 1, 0, 0, 0, 0] 120
[1, 0, 1, 1, 0, 1, 0, 0, 0, 0] 120
[1, 0, 1, 1, 0, 1, 0, 0, 0, 0] 120
[0, 1, 1, 1, 0, 1, 0, 0, 0, 0] 120
[0, 1, 1, 1, 1, 0, 0, 0, 0, 0] 120
[1, 0, 1, 1, 0, 1, 0, 0, 0, 0] 120
[0, 1, 1, 1, 1, 0, 0, 0, 0, 0] 120
[0, 1, 1, 1, 0, 1, 0, 0, 0, 0] 120
[0, 1, 1, 1, 1, 0, 0, 0, 0, 0] 120
[1, 1, 1, 0, 1, 0, 0, 0, 0, 0] 120
[0, 1, 1, 1, 0, 1, 0, 0, 0, 0] 120
[1, 0, 1, 1, 0, 1, 0, 0, 0, 0] 120
[1, 1, 1, 0, 1, 0, 0, 0, 0, 0] 120
[1, 0, 1, 1, 1, 0, 0, 0, 0, 0] 120
[1, 1, 1, 0, 0, 1, 0, 0, 0, 0] 120
[1, 0, 1, 1, 0, 1, 0, 0, 0, 0] 120
[1, 0, 1, 1, 1, 0, 0, 0, 0, 0] 120
[1, 1, 1, 0, 0, 1, 0, 0, 0, 0] 120
[1, 0, 1, 1, 1, 0, 0, 0, 0, 0] 120
[1, 0, 1, 1, 1, 0, 0, 0, 0, 0] 120
[1, 0, 0, 1, 0, 1, 0, 0, 0, 0] 110
[0, 1, 0, 1, 1, 0, 0, 0, 0, 0] 110
[1, 1, 0, 0, 0, 1, 0, 0, 0, 0] 110
[1, 0, 0, 1, 1, 0, 0, 0, 0, 0] 110
[1, 0, 0, 1, 0, 1, 0, 0, 0, 0] 110
[1, 0, 0, 1, 1, 0, 0, 0, 0, 0] 110
[1, 0, 0, 1, 1, 0, 0, 0, 0, 0] 110
[0, 1, 0, 1, 1, 0, 0, 0, 0, 0] 110
[1, 1, 0, 0, 1, 0, 0, 0, 0, 0] 110
[1, 1, 0, 0, 0, 1, 0, 0, 0, 0] 110
[0, 1, 0, 1, 1, 0, 0, 0, 0, 0] 110
[1, 0, 0, 1, 0, 1, 0, 0, 0, 0] 110
[1, 1, 0, 0, 0, 1, 0, 0, 0, 0] 110
[0, 1, 0, 1, 1, 0, 0, 0, 0, 0] 110
[0, 1, 0, 1, 0, 1, 0, 0, 0, 0] 110
[0, 1, 0, 1, 1, 0, 0, 0, 0, 0] 110
[1, 0, 0, 1, 1, 0, 0, 0, 0, 0] 110
[0, 1, 0, 1, 1, 0, 0, 0, 0, 0] 110
[1, 0, 0, 1, 1, 0, 0, 0, 0, 0] 110
[1, 0, 0, 1, 0, 1, 0, 0, 0, 0] 110
[1, 0, 0, 1, 0, 1, 0, 0, 0, 0] 110
[0, 1, 0, 1, 0, 1, 0, 0, 0, 0] 110
[0, 1, 0, 1, 1, 0, 0, 0, 0, 0] 110
[1, 0, 0, 1, 0, 1, 0, 0, 0, 0] 110
[1, 0, 0, 1, 0, 1, 0, 0, 0, 0] 110
[1, 1, 0, 0, 1, 0, 0, 0, 0, 0] 110
[0, 1, 0, 1, 0, 1, 0, 0, 0, 0] 110
[0, 1, 0, 1, 1, 0, 0, 0, 0, 0] 110
[0, 1, 0, 1, 1, 0, 0, 0, 0, 0] 110
[1, 0, 0, 1, 0, 1, 0, 0, 0, 0] 110
[0, 1, 0, 1, 1, 0, 0, 0, 0, 0] 110
[1, 1, 0, 0, 1, 0, 0, 0, 0, 0] 110
[0, 1, 0, 1, 0, 1, 0, 0, 0, 0] 110
[1, 0, 0, 1, 0, 1, 0, 0, 0, 0] 110
[1, 1, 0, 0, 0, 1, 0, 0, 0, 0] 110
[0, 1, 0, 1, 0, 1, 0, 0, 0, 0] 110
[1, 0, 0, 1, 0, 1, 0, 0, 0, 0] 110
[1, 0, 0, 1, 1, 0, 0, 0, 0, 0] 110
[1, 1, 0, 0, 0, 1, 0, 0, 0, 0] 110
[1, 1, 0, 0, 0, 1, 0, 0, 0, 0] 110
[0, 1, 0, 1, 1, 0, 0, 0, 0, 0] 110
[1, 0, 0, 1, 0, 1, 0, 0, 0, 0] 110
[1, 1, 0, 0, 1, 0, 0, 0, 0, 0] 110
[0, 1, 0, 1, 1, 0, 0, 0, 0, 0] 110
[0, 1, 0, 1, 0, 1, 0, 0, 0, 0] 110
[1, 0, 0, 1, 0, 1, 0, 0, 0, 0] 110
[1, 1, 0, 0, 1, 0, 0, 0, 0, 0] 110
[1, 1, 0, 0, 1, 0, 0, 0, 0, 0] 110
[1, 0, 0, 1, 1, 0, 0, 0, 0, 0] 110
[1, 0, 0, 1, 0, 1, 0, 0, 0, 0] 110
[0, 1, 0, 1, 1, 0, 0, 0, 0, 0] 110
[1, 0, 0, 1, 1, 0, 0, 0, 0, 0] 110
[0, 1, 0, 1, 0, 1, 0, 0, 0, 0] 110
[0, 1, 0, 1, 1, 0, 0, 0, 0, 0] 110
[1, 0, 0, 1, 1, 0, 0, 0, 0, 0] 110
[1, 1, 0, 0, 1, 0, 0, 0, 0, 0] 110
[0, 1, 0, 1, 1, 0, 0, 0, 0, 0] 110
[0, 1, 0, 1, 0, 1, 0, 0, 0, 0] 110
[1, 0, 0, 1, 0, 1, 0, 0, 0, 0] 110
[0, 1, 0, 1, 1, 0, 0, 0, 0, 0] 110
[1, 0, 0, 1, 1, 0, 0, 0, 0, 0] 110
[0, 1, 0, 1, 0, 1, 0, 0, 0, 0] 110
[1, 1, 0, 0, 1, 0, 0, 0, 0, 0] 110
[1, 1, 0, 0, 1, 0, 0, 0, 0, 0] 110
[1, 0, 0, 1, 0, 1, 0, 0, 0, 0] 110
[0, 1, 0, 1, 1, 0, 0, 0, 0, 0] 110
[0, 1, 0, 1, 1, 0, 0, 0, 0, 0] 110
[1, 0, 0, 1, 0, 1, 0, 0, 0, 0] 110
[1, 1, 0, 0, 0, 1, 0, 0, 0, 0] 110
[1, 0, 0, 1, 1, 0, 0, 0, 0, 0] 110
[0, 1, 0, 1, 0, 1, 0, 0, 0, 0] 110
[1, 1, 0, 0, 1, 0, 0, 0, 0, 0] 110
[1, 1, 0, 0, 1, 0, 0, 0, 0, 0] 110
[1, 0, 0, 1, 0, 1, 0, 0, 0, 0] 110
[1, 0, 0, 1, 1, 0, 0, 0, 0, 0] 110
[0, 1, 0, 1, 0, 1, 0, 0, 0, 0] 110
[1, 0, 0, 1, 1, 0, 0, 0, 0, 0] 110
[1, 0, 0, 1, 0, 1, 0, 0, 0, 0] 110
[1, 1, 0, 0, 1, 0, 0, 0, 0, 0] 110
[0, 1, 0, 1, 0, 1, 0, 0, 0, 0] 110
[0, 1, 0, 1, 1, 0, 0, 0, 0, 0] 110
[0, 1, 0, 1, 0, 1, 0, 0, 0, 0] 110
[1, 0, 0, 1, 1, 0, 0, 0, 0, 0] 110
[1, 0, 0, 1, 0, 1, 0, 0, 0, 0] 110
[1, 1, 0, 0, 1, 0, 0, 0, 0, 0] 110
[0, 1, 1, 0, 0, 1, 0, 0, 0, 0] 100
[1, 0, 1, 0, 0, 1, 0, 0, 0, 0] 100
[0, 0, 1, 1, 1, 0, 0, 0, 0, 0] 100
[0, 0, 1, 1, 0, 1, 0, 0, 0, 0] 100
[0, 1, 1, 0, 0, 1, 0, 0, 0, 0] 100
[1, 0, 1, 0, 1, 0, 0, 0, 0, 0] 100
[0, 1, 1, 0, 1, 0, 0, 0, 0, 0] 100
[0, 0, 1, 1, 1, 0, 0, 0, 0, 0] 100
[0, 1, 1, 0, 0, 1, 0, 0, 0, 0] 100
[0, 0, 1, 1, 1, 0, 0, 0, 0, 0] 100
[1, 0, 1, 0, 1, 0, 0, 0, 0, 0] 100
[0, 0, 1, 1, 0, 1, 0, 0, 0, 0] 100
[0, 0, 1, 1, 0, 1, 0, 0, 0, 0] 100
[0, 1, 1, 0, 1, 0, 0, 0, 0, 0] 100
[0, 0, 1, 1, 1, 0, 0, 0, 0, 0] 100
[1, 0, 1, 0, 1, 0, 0, 0, 0, 0] 100
[0, 0, 1, 1, 1, 0, 0, 0, 0, 0] 100
[0, 0, 1, 1, 1, 0, 0, 0, 0, 0] 100
[1, 0, 1, 0, 1, 0, 0, 0, 0, 0] 100
[0, 0, 1, 1, 0, 1, 0, 0, 0, 0] 100
[0, 0, 1, 1, 0, 1, 0, 0, 0, 0] 100
[0, 0, 1, 1, 0, 1, 0, 0, 0, 0] 100
[1, 0, 1, 0, 1, 0, 0, 0, 0, 0] 100
[0, 1, 1, 0, 0, 1, 0, 0, 0, 0] 100
[0, 1, 1, 0, 0, 1, 0, 0, 0, 0] 100
[0, 1, 1, 0, 1, 0, 0, 0, 0, 0] 100
[0, 1, 1, 0, 1, 0, 0, 0, 0, 0] 100
[0, 0, 1, 1, 1, 0, 0, 0, 0, 0] 100
[0, 0, 1, 1, 0, 1, 0, 0, 0, 0] 100
[1, 0, 1, 0, 1, 0, 0, 0, 0, 0] 100
[0, 0, 1, 1, 1, 0, 0, 0, 0, 0] 100
[0, 1, 1, 0, 0, 1, 0, 0, 0, 0] 100
[0, 1, 1, 0, 1, 0, 0, 0, 0, 0] 100
[0, 0, 1, 1, 1, 0, 0, 0, 0, 0] 100
[0, 0, 1, 1, 0, 1, 0, 0, 0, 0] 100
[0, 0, 1, 1, 0, 1, 0, 0, 0, 0] 100
[0, 0, 1, 1, 0, 1, 0, 0, 0, 0] 100
[0, 0, 1, 1, 0, 1, 0, 0, 0, 0] 100
[1, 0, 1, 0, 0, 1, 0, 0, 0, 0] 100
[1, 0, 1, 0, 1, 0, 0, 0, 0, 0] 100
[0, 0, 1, 1, 0, 1, 0, 0, 0, 0] 100
[0, 0, 1, 1, 1, 0, 0, 0, 0, 0] 100
[0, 0, 1, 1, 1, 0, 0, 0, 0, 0] 100
[0, 1, 1, 0, 0, 1, 0, 0, 0, 0] 100
[0, 1, 1, 0, 1, 0, 0, 0, 0, 0] 100
[1, 0, 1, 0, 1, 0, 0, 0, 0, 0] 100
[1, 0, 1, 0, 0, 1, 0, 0, 0, 0] 100
[0, 0, 1, 1, 0, 1, 0, 0, 0, 0] 100
[0, 1, 1, 0, 0, 1, 0, 0, 0, 0] 100
[1, 0, 1, 0, 0, 1, 0, 0, 0, 0] 100
[1, 0, 1, 0, 1, 0, 0, 0, 0, 0] 100
[1, 0, 1, 0, 0, 1, 0, 0, 0, 0] 100
[1, 0, 1, 0, 0, 1, 0, 0, 0, 0] 100
[1, 0, 1, 0, 1, 0, 0, 0, 0, 0] 100
[0, 1, 1, 0, 1, 0, 0, 0, 0, 0] 100
[0, 0, 1, 1, 0, 1, 0, 0, 0, 0] 100
[0, 0, 1, 1, 0, 1, 0, 0, 0, 0] 100
[0, 0, 1, 1, 0, 1, 0, 0, 0, 0] 100
[0, 0, 1, 1, 1, 0, 0, 0, 0, 0] 100
[0, 1, 1, 0, 0, 1, 0, 0, 0, 0] 100
[0, 1, 1, 0, 0, 1, 0, 0, 0, 0] 100
[0, 1, 1, 0, 0, 1, 0, 0, 0, 0] 100
[0, 1, 1, 0, 0, 1, 0, 0, 0, 0] 100
[1, 0, 1, 0, 1, 0, 0, 0, 0, 0] 100
[1, 0, 1, 0, 1, 0, 0, 0, 0, 0] 100
[0, 0, 1, 1, 1, 0, 0, 0, 0, 0] 100
[0, 0, 1, 1, 0, 1, 0, 0, 0, 0] 100
[1, 0, 1, 0, 1, 0, 0, 0, 0, 0] 100
[0, 1, 1, 0, 0, 1, 0, 0, 0, 0] 100
[0, 1, 1, 0, 0, 1, 0, 0, 0, 0] 100
[1, 0, 1, 0, 0, 1, 0, 0, 0, 0] 100
[0, 1, 1, 0, 0, 1, 0, 0, 0, 0] 100
[0, 0, 1, 1, 1, 0, 0, 0, 0, 0] 100
[1, 0, 1, 0, 0, 1, 0, 0, 0, 0] 100
[0, 1, 1, 0, 0, 1, 0, 0, 0, 0] 100
[0, 1, 1, 0, 0, 1, 0, 0, 0, 0] 100
[1, 0, 1, 0, 1, 0, 0, 0, 0, 0] 100
[0, 1, 1, 0, 1, 0, 0, 0, 0, 0] 100
[0, 0, 1, 1, 1, 0, 0, 0, 0, 0] 100
[0, 0, 1, 1, 1, 0, 0, 0, 0, 0] 100
[1, 0, 1, 0, 0, 1, 0, 0, 0, 0] 100
[0, 0, 1, 1, 1, 0, 0, 0, 0, 0] 100
[1, 0, 1, 0, 0, 1, 0, 0, 0, 0] 100
[1, 0, 1, 0, 0, 1, 0, 0, 0, 0] 100
[0, 0, 1, 1, 1, 0, 0, 0, 0, 0] 100
[0, 1, 1, 0, 1, 0, 0, 0, 0, 0] 100
[1, 0, 1, 0, 0, 1, 0, 0, 0, 0] 100
[0, 0, 1, 1, 0, 1, 0, 0, 0, 0] 100
[0, 0, 1, 1, 1, 0, 0, 0, 0, 0] 100
[0, 0, 1, 1, 1, 0, 0, 0, 0, 0] 100
[0, 1, 1, 0, 1, 0, 0, 0, 0, 0] 100
[1, 0, 1, 0, 1, 0, 0, 0, 0, 0] 100
[0, 0, 1, 1, 0, 1, 0, 0, 0, 0] 100
[1, 0, 1, 0, 0, 1, 0, 0, 0, 0] 100
[0, 1, 1, 0, 1, 0, 0, 0, 0, 0] 100
[0, 0, 1, 1, 1, 0, 0, 0, 0, 0] 100
[0, 1, 1, 0, 1, 0, 0, 0, 0, 0] 100
[0, 1, 0, 0, 0, 1, 0, 0, 0, 0] 90
[0, 1, 0, 0, 0, 1, 0, 0, 0, 0] 90
[0, 0, 0, 1, 0, 1, 0, 0, 0, 0] 90
[0, 1, 0, 0, 0, 1, 0, 0, 0, 0] 90
[0, 0, 0, 1, 1, 0, 0, 0, 0, 0] 90
[0, 0, 0, 1, 1, 0, 0, 0, 0, 0] 90
[0, 0, 0, 1, 1, 0, 0, 0, 0, 0] 90
[0, 0, 0, 1, 0, 1, 0, 0, 0, 0] 90
[1, 0, 0, 0, 1, 0, 0, 0, 0, 0] 90
[1, 0, 0, 0, 0, 1, 0, 0, 0, 0] 90
[0, 1, 0, 0, 1, 0, 0, 0, 0, 0] 90
[0, 1, 0, 0, 0, 1, 0, 0, 0, 0] 90
[0, 0, 0, 1, 0, 1, 0, 0, 0, 0] 90
[1, 0, 0, 0, 1, 0, 0, 0, 0, 0] 90
[1, 0, 0, 0, 0, 1, 0, 0, 0, 0] 90
[1, 0, 0, 0, 1, 0, 0, 0, 0, 0] 90
[0, 0, 0, 1, 1, 0, 0, 0, 0, 0] 90
[1, 0, 0, 0, 0, 1, 0, 0, 0, 0] 90
[0, 1, 0, 0, 1, 0, 0, 0, 0, 0] 90
[0, 1, 0, 0, 1, 0, 0, 0, 0, 0] 90
[0, 0, 0, 1, 1, 0, 0, 0, 0, 0] 90
[0, 1, 0, 0, 0, 1, 0, 0, 0, 0] 90
[0, 0, 0, 1, 0, 1, 0, 0, 0, 0] 90
[1, 0, 0, 0, 0, 1, 0, 0, 0, 0] 90
[0, 1, 0, 0, 1, 0, 0, 0, 0, 0] 90
[0, 1, 0, 0, 1, 0, 0, 0, 0, 0] 90
[0, 1, 0, 0, 0, 1, 0, 0, 0, 0] 90
[0, 0, 0, 1, 1, 0, 0, 0, 0, 0] 90
[0, 0, 0, 1, 1, 0, 0, 0, 0, 0] 90
[1, 0, 0, 0, 0, 1, 0, 0, 0, 0] 90
[0, 0, 0, 1, 1, 0, 0, 0, 0, 0] 90
[1, 0, 0, 0, 1, 0, 0, 0, 0, 0] 90
[0, 0, 0, 1, 1, 0, 0, 0, 0, 0] 90
[1, 0, 0, 0, 0, 1, 0, 0, 0, 0] 90
[0, 0, 0, 1, 0, 1, 0, 0, 0, 0] 90
[0, 0, 0, 1, 0, 1, 0, 0, 0, 0] 90
[0, 1, 0, 0, 1, 0, 0, 0, 0, 0] 90
[1, 0, 0, 0, 1, 0, 0, 0, 0, 0] 90
[0, 1, 0, 0, 0, 1, 0, 0, 0, 0] 90
[0, 1, 0, 0, 1, 0, 0, 0, 0, 0] 90
[0, 1, 0, 0, 1, 0, 0, 0, 0, 0] 90
[1, 0, 0, 0, 0, 1, 0, 0, 0, 0] 90
[1, 0, 0, 0, 0, 1, 0, 0, 0, 0] 90
[1, 0, 0, 0, 0, 1, 0, 0, 0, 0] 90
[0, 0, 0, 1, 1, 0, 0, 0, 0, 0] 90
[1, 0, 0, 0, 1, 0, 0, 0, 0, 0] 90
[1, 0, 0, 0, 0, 1, 0, 0, 0, 0] 90
[0, 1, 0, 0, 1, 0, 0, 0, 0, 0] 90
[1, 0, 0, 0, 1, 0, 0, 0, 0, 0] 90
[0, 0, 0, 1, 1, 0, 0, 0, 0, 0] 90
[1, 0, 0, 0, 0, 1, 0, 0, 0, 0] 90
[0, 1, 0, 0, 0, 1, 0, 0, 0, 0] 90
[0, 0, 0, 1, 0, 1, 0, 0, 0, 0] 90
[1, 0, 0, 0, 1, 0, 0, 0, 0, 0] 90
[1, 0, 0, 0, 0, 1, 0, 0, 0, 0] 90
[0, 1, 0, 0, 0, 1, 0, 0, 0, 0] 90
[0, 1, 0, 0, 0, 1, 0, 0, 0, 0] 90
[0, 1, 0, 0, 0, 1, 0, 0, 0, 0] 90
[0, 0, 0, 1, 0, 1, 0, 0, 0, 0] 90
[1, 0, 0, 0, 0, 1, 0, 0, 0, 0] 90
[1, 0, 0, 0, 1, 0, 0, 0, 0, 0] 90
[0, 1, 0, 0, 1, 0, 0, 0, 0, 0] 90
[0, 1, 0, 0, 0, 1, 0, 0, 0, 0] 90
[0, 0, 0, 1, 0, 1, 0, 0, 0, 0] 90
[0, 0, 0, 1, 0, 1, 0, 0, 0, 0] 90
[0, 1, 0, 0, 1, 0, 0, 0, 0, 0] 90
[1, 0, 0, 0, 1, 0, 0, 0, 0, 0] 90
[0, 1, 0, 0, 0, 1, 0, 0, 0, 0] 90
[1, 0, 0, 0, 1, 0, 0, 0, 0, 0] 90
[0, 1, 0, 0, 1, 0, 0, 0, 0, 0] 90
[0, 1, 0, 0, 0, 1, 0, 0, 0, 0] 90
[1, 0, 0, 0, 0, 1, 0, 0, 0, 0] 90
[1, 0, 0, 0, 1, 0, 0, 0, 0, 0] 90
[0, 1, 0, 0, 1, 0, 0, 0, 0, 0] 90
[0, 1, 0, 0, 0, 1, 0, 0, 0, 0] 90
[1, 0, 0, 0, 0, 1, 0, 0, 0, 0] 90
[1, 0, 0, 0, 1, 0, 0, 0, 0, 0] 90
[1, 0, 0, 0, 1, 0, 0, 0, 0, 0] 90
[1, 0, 0, 0, 1, 0, 0, 0, 0, 0] 90
[0, 0, 0, 1, 0, 1, 0, 0, 0, 0] 90
[1, 0, 0, 0, 1, 0, 0, 0, 0, 0] 90
[0, 0, 0, 1, 0, 1, 0, 0, 0, 0] 90
[0, 1, 0, 0, 0, 1, 0, 0, 0, 0] 90
[0, 1, 0, 0, 1, 0, 0, 0, 0, 0] 90
[0, 1, 0, 0, 0, 1, 0, 0, 0, 0] 90
[1, 0, 0, 0, 1, 0, 0, 0, 0, 0] 90
[0, 0, 0, 1, 1, 0, 0, 0, 0, 0] 90
[1, 0, 0, 0, 0, 1, 0, 0, 0, 0] 90
[0, 0, 0, 1, 0, 1, 0, 0, 0, 0] 90
[1, 0, 0, 0, 0, 1, 0, 0, 0, 0] 90
[1, 0, 0, 0, 1, 0, 0, 0, 0, 0] 90
[0, 0, 0, 1, 1, 0, 0, 0, 0, 0] 90
[0, 0, 0, 1, 1, 0, 0, 0, 0, 0] 90
[1, 0, 0, 0, 1, 0, 0, 0, 0, 0] 90
[0, 1, 0, 0, 1, 0, 0, 0, 0, 0] 90
[0, 0, 1, 0, 0, 1, 0, 0, 0, 0] 80
[0, 0, 1, 0, 0, 1, 0, 0, 0, 0] 80
[0, 0, 1, 0, 1, 0, 0, 0, 0, 0] 80
[0, 0, 1, 0, 0, 1, 0, 0, 0, 0] 80
[0, 0, 1, 0, 1, 0, 0, 0, 0, 0] 80
[0, 0, 1, 0, 1, 0, 0, 0, 0, 0] 80
[0, 0, 1, 0, 1, 0, 0, 0, 0, 0] 80
[0, 0, 1, 0, 0, 1, 0, 0, 0, 0] 80
[0, 0, 1, 0, 1, 0, 0, 0, 0, 0] 80
[0, 0, 1, 0, 0, 1, 0, 0, 0, 0] 80
[0, 0, 1, 0, 1, 0, 0, 0, 0, 0] 80
[0, 0, 1, 0, 1, 0, 0, 0, 0, 0] 80
[0, 0, 1, 0, 1, 0, 0, 0, 0, 0] 80
[0, 0, 1, 0, 1, 0, 0, 0, 0, 0] 80
[0, 0, 1, 0, 1, 0, 0, 0, 0, 0] 80
[0, 0, 1, 0, 1, 0, 0, 0, 0, 0] 80
[0, 0, 1, 0, 0, 1, 0, 0, 0, 0] 80
[0, 0, 1, 0, 1, 0, 0, 0, 0, 0] 80
[0, 0, 1, 0, 1, 0, 0, 0, 0, 0] 80
[0, 0, 1, 0, 0, 1, 0, 0, 0, 0] 80
[0, 0, 1, 0, 0, 1, 0, 0, 0, 0] 80
[0, 0, 1, 0, 1, 0, 0, 0, 0, 0] 80
[0, 0, 1, 0, 0, 1, 0, 0, 0, 0] 80
[0, 0, 1, 0, 0, 1, 0, 0, 0, 0] 80
[0, 0, 1, 0, 1, 0, 0, 0, 0, 0] 80
[0, 0, 1, 0, 0, 1, 0, 0, 0, 0] 80
[0, 0, 1, 0, 0, 1, 0, 0, 0, 0] 80
[0, 0, 1, 0, 1, 0, 0, 0, 0, 0] 80
[0, 0, 1, 0, 1, 0, 0, 0, 0, 0] 80
[0, 0, 1, 0, 1, 0, 0, 0, 0, 0] 80
[0, 0, 1, 0, 1, 0, 0, 0, 0, 0] 80
[0, 0, 1, 0, 0, 1, 0, 0, 0, 0] 80
[0, 0, 1, 0, 0, 1, 0, 0, 0, 0] 80
[0, 0, 1, 0, 0, 1, 0, 0, 0, 0] 80
[0, 0, 1, 0, 0, 1, 0, 0, 0, 0] 80
[0, 0, 1, 0, 1, 0, 0, 0, 0, 0] 80
[1, 1, 1, 1, 0, 0, 0, 0, 0, 0] 70
[0, 0, 0, 0, 1, 0, 0, 0, 0, 0] 70
[1, 1, 1, 1, 0, 0, 0, 0, 0, 0] 70
[0, 0, 0, 0, 1, 0, 0, 0, 0, 0] 70
[0, 0, 0, 0, 1, 0, 0, 0, 0, 0] 70
[1, 1, 1, 1, 0, 0, 0, 0, 0, 0] 70
[0, 0, 0, 0, 0, 1, 0, 0, 0, 0] 70
[0, 0, 0, 0, 1, 0, 0, 0, 0, 0] 70
[1, 1, 1, 1, 0, 0, 0, 0, 0, 0] 70
[1, 1, 1, 1, 0, 0, 0, 0, 0, 0] 70
[1, 1, 1, 1, 0, 0, 0, 0, 0, 0] 70
[0, 0, 0, 0, 1, 0, 0, 0, 0, 0] 70
[1, 1, 1, 1, 0, 0, 0, 0, 0, 0] 70
[1, 1, 1, 1, 0, 0, 0, 0, 0, 0] 70
[0, 0, 0, 0, 0, 1, 0, 0, 0, 0] 70
[0, 0, 0, 0, 1, 0, 0, 0, 0, 0] 70
[1, 1, 1, 1, 0, 0, 0, 0, 0, 0] 70
[0, 0, 0, 0, 1, 0, 0, 0, 0, 0] 70
[0, 0, 0, 0, 1, 0, 0, 0, 0, 0] 70
[0, 0, 0, 0, 0, 1, 0, 0, 0, 0] 70
[0, 0, 0, 0, 1, 0, 0, 0, 0, 0] 70
[0, 0, 0, 0, 1, 0, 0, 0, 0, 0] 70
[0, 0, 0, 0, 1, 0, 0, 0, 0, 0] 70
[0, 0, 0, 0, 1, 0, 0, 0, 0, 0] 70
[0, 0, 0, 0, 1, 0, 0, 0, 0, 0] 70
[1, 1, 1, 1, 0, 0, 0, 0, 0, 0] 70
[1, 1, 1, 1, 0, 0, 0, 0, 0, 0] 70
[0, 0, 0, 0, 1, 0, 0, 0, 0, 0] 70
[0, 0, 0, 0, 0, 1, 0, 0, 0, 0] 70
[0, 0, 0, 0, 1, 0, 0, 0, 0, 0] 70
[0, 0, 0, 0, 1, 0, 0, 0, 0, 0] 70
[0, 0, 0, 0, 1, 0, 0, 0, 0, 0] 70
[0, 0, 0, 0, 1, 0, 0, 0, 0, 0] 70
[0, 0, 0, 0, 0, 1, 0, 0, 0, 0] 70
[0, 0, 0, 0, 1, 0, 0, 0, 0, 0] 70
[0, 0, 0, 0, 1, 0, 0, 0, 0, 0] 70
[0, 0, 0, 0, 1, 0, 0, 0, 0, 0] 70
[0, 0, 0, 0, 0, 1, 0, 0, 0, 0] 70
[0, 0, 0, 0, 0, 1, 0, 0, 0, 0] 70
[0, 0, 0, 0, 1, 0, 0, 0, 0, 0] 70
[0, 0, 0, 0, 1, 0, 0, 0, 0, 0] 70
[1, 1, 1, 1, 0, 0, 0, 0, 0, 0] 70
[0, 0, 0, 0, 1, 0, 0, 0, 0, 0] 70
[1, 1, 1, 1, 0, 0, 0, 0, 0, 0] 70
[1, 1, 0, 1, 0, 0, 0, 0, 0, 0] 60
[1, 1, 0, 1, 0, 0, 0, 0, 0, 0] 60
[1, 1, 0, 1, 0, 0, 0, 0, 0, 0] 60
[1, 1, 0, 1, 0, 0, 0, 0, 0, 0] 60
[1, 1, 0, 1, 0, 0, 0, 0, 0, 0] 60
[1, 1, 0, 1, 0, 0, 0, 0, 0, 0] 60
[1, 1, 0, 1, 0, 0, 0, 0, 0, 0] 60
[1, 1, 0, 1, 0, 0, 0, 0, 0, 0] 60
[1, 1, 0, 1, 0, 0, 0, 0, 0, 0] 60
[1, 1, 0, 1, 0, 0, 0, 0, 0, 0] 60
[1, 1, 0, 1, 0, 0, 0, 0, 0, 0] 60
[1, 1, 0, 1, 0, 0, 0, 0, 0, 0] 60
[1, 1, 0, 1, 0, 0, 0, 0, 0, 0] 60
[1, 1, 0, 1, 0, 0, 0, 0, 0, 0] 60
[1, 1, 0, 1, 0, 0, 0, 0, 0, 0] 60
[1, 1, 0, 1, 0, 0, 0, 0, 0, 0] 60
[1, 1, 0, 1, 0, 0, 0, 0, 0, 0] 60
[1, 1, 0, 1, 0, 0, 0, 0, 0, 0] 60
[1, 1, 0, 1, 0, 0, 0, 0, 0, 0] 60
[1, 0, 1, 1, 0, 0, 0, 0, 0, 0] 50
[1, 1, 1, 0, 0, 0, 0, 0, 0, 0] 50
[1, 1, 1, 0, 0, 0, 0, 0, 0, 0] 50
[0, 1, 1, 1, 0, 0, 0, 0, 0, 0] 50
[1, 0, 1, 1, 0, 0, 0, 0, 0, 0] 50
[1, 1, 1, 0, 0, 0, 0, 0, 0, 0] 50
[1, 0, 1, 1, 0, 0, 0, 0, 0, 0] 50
[0, 1, 1, 1, 0, 0, 0, 0, 0, 0] 50
[1, 1, 1, 0, 0, 0, 0, 0, 0, 0] 50
[1, 1, 1, 0, 0, 0, 0, 0, 0, 0] 50
[1, 0, 1, 1, 0, 0, 0, 0, 0, 0] 50
[0, 1, 1, 1, 0, 0, 0, 0, 0, 0] 50
[1, 1, 1, 0, 0, 0, 0, 0, 0, 0] 50
[0, 1, 1, 1, 0, 0, 0, 0, 0, 0] 50
[1, 0, 1, 1, 0, 0, 0, 0, 0, 0] 50
[1, 1, 1, 0, 0, 0, 0, 0, 0, 0] 50
[1, 1, 1, 0, 0, 0, 0, 0, 0, 0] 50
[1, 1, 1, 0, 0, 0, 0, 0, 0, 0] 50
[1, 0, 1, 1, 0, 0, 0, 0, 0, 0] 50
[0, 1, 1, 1, 0, 0, 0, 0, 0, 0] 50
[1, 1, 1, 0, 0, 0, 0, 0, 0, 0] 50
[1, 0, 1, 1, 0, 0, 0, 0, 0, 0] 50
[1, 1, 1, 0, 0, 0, 0, 0, 0, 0] 50
[1, 0, 1, 1, 0, 0, 0, 0, 0, 0] 50
[1, 0, 1, 1, 0, 0, 0, 0, 0, 0] 50
[0, 1, 1, 1, 0, 0, 0, 0, 0, 0] 50
[1, 0, 1, 1, 0, 0, 0, 0, 0, 0] 50
[0, 1, 1, 1, 0, 0, 0, 0, 0, 0] 50
[1, 0, 1, 1, 0, 0, 0, 0, 0, 0] 50
[1, 0, 1, 1, 0, 0, 0, 0, 0, 0] 50
[1, 0, 1, 1, 0, 0, 0, 0, 0, 0] 50
[0, 1, 1, 1, 0, 0, 0, 0, 0, 0] 50
[1, 0, 1, 1, 0, 0, 0, 0, 0, 0] 50
[1, 1, 1, 0, 0, 0, 0, 0, 0, 0] 50
[0, 1, 1, 1, 0, 0, 0, 0, 0, 0] 50
[0, 1, 1, 1, 0, 0, 0, 0, 0, 0] 50
[0, 1, 1, 1, 0, 0, 0, 0, 0, 0] 50
[1, 1, 1, 0, 0, 0, 0, 0, 0, 0] 50
[0, 1, 1, 1, 0, 0, 0, 0, 0, 0] 50
[1, 1, 1, 0, 0, 0, 0, 0, 0, 0] 50
[1, 0, 1, 1, 0, 0, 0, 0, 0, 0] 50
[1, 0, 1, 1, 0, 0, 0, 0, 0, 0] 50
[1, 0, 1, 1, 0, 0, 0, 0, 0, 0] 50
[0, 1, 1, 1, 0, 0, 0, 0, 0, 0] 50
[1, 0, 1, 1, 0, 0, 0, 0, 0, 0] 50
[1, 0, 0, 1, 0, 0, 0, 0, 0, 0] 40
[0, 1, 0, 1, 0, 0, 0, 0, 0, 0] 40
[1, 0, 0, 1, 0, 0, 0, 0, 0, 0] 40
[1, 1, 0, 0, 0, 0, 0, 0, 0, 0] 40
[1, 0, 0, 1, 0, 0, 0, 0, 0, 0] 40
[0, 1, 0, 1, 0, 0, 0, 0, 0, 0] 40
[0, 1, 0, 1, 0, 0, 0, 0, 0, 0] 40
[1, 1, 0, 0, 0, 0, 0, 0, 0, 0] 40
[0, 1, 0, 1, 0, 0, 0, 0, 0, 0] 40
[1, 1, 0, 0, 0, 0, 0, 0, 0, 0] 40
[1, 0, 0, 1, 0, 0, 0, 0, 0, 0] 40
[0, 1, 0, 1, 0, 0, 0, 0, 0, 0] 40
[0, 1, 0, 1, 0, 0, 0, 0, 0, 0] 40
[0, 1, 0, 1, 0, 0, 0, 0, 0, 0] 40
[1, 1, 0, 0, 0, 0, 0, 0, 0, 0] 40
[0, 1, 0, 1, 0, 0, 0, 0, 0, 0] 40
[1, 0, 0, 1, 0, 0, 0, 0, 0, 0] 40
[1, 0, 0, 1, 0, 0, 0, 0, 0, 0] 40
[1, 0, 0, 1, 0, 0, 0, 0, 0, 0] 40
[0, 1, 0, 1, 0, 0, 0, 0, 0, 0] 40
[1, 0, 0, 1, 0, 0, 0, 0, 0, 0] 40
[1, 0, 0, 1, 0, 0, 0, 0, 0, 0] 40
[1, 0, 0, 1, 0, 0, 0, 0, 0, 0] 40
[1, 1, 0, 0, 0, 0, 0, 0, 0, 0] 40
[1, 0, 0, 1, 0, 0, 0, 0, 0, 0] 40
[1, 0, 0, 1, 0, 0, 0, 0, 0, 0] 40
[1, 1, 0, 0, 0, 0, 0, 0, 0, 0] 40
[1, 0, 0, 1, 0, 0, 0, 0, 0, 0] 40
[1, 0, 0, 1, 0, 0, 0, 0, 0, 0] 40
[1, 1, 0, 0, 0, 0, 0, 0, 0, 0] 40
[1, 1, 0, 0, 0, 0, 0, 0, 0, 0] 40
[1, 0, 0, 1, 0, 0, 0, 0, 0, 0] 40
[1, 1, 0, 0, 0, 0, 0, 0, 0, 0] 40
[1, 0, 0, 1, 0, 0, 0, 0, 0, 0] 40
[0, 1, 0, 1, 0, 0, 0, 0, 0, 0] 40
[1, 1, 0, 0, 0, 0, 0, 0, 0, 0] 40
[1, 0, 0, 1, 0, 0, 0, 0, 0, 0] 40
[1, 0, 0, 1, 0, 0, 0, 0, 0, 0] 40
[0, 1, 0, 1, 0, 0, 0, 0, 0, 0] 40
[1, 0, 0, 1, 0, 0, 0, 0, 0, 0] 40
[1, 0, 0, 1, 0, 0, 0, 0, 0, 0] 40
[1, 0, 0, 1, 0, 0, 0, 0, 0, 0] 40
[1, 0, 0, 1, 0, 0, 0, 0, 0, 0] 40
[1, 0, 0, 1, 0, 0, 0, 0, 0, 0] 40
[0, 1, 0, 1, 0, 0, 0, 0, 0, 0] 40
[0, 1, 0, 1, 0, 0, 0, 0, 0, 0] 40
[0, 1, 0, 1, 0, 0, 0, 0, 0, 0] 40
[0, 1, 0, 1, 0, 0, 0, 0, 0, 0] 40
[0, 1, 0, 1, 0, 0, 0, 0, 0, 0] 40
[0, 1, 0, 1, 0, 0, 0, 0, 0, 0] 40
[0, 1, 1, 0, 0, 0, 0, 0, 0, 0] 30
[1, 0, 1, 0, 0, 0, 0, 0, 0, 0] 30
[0, 1, 1, 0, 0, 0, 0, 0, 0, 0] 30
[1, 0, 1, 0, 0, 0, 0, 0, 0, 0] 30
[0, 0, 1, 1, 0, 0, 0, 0, 0, 0] 30
[0, 1, 1, 0, 0, 0, 0, 0, 0, 0] 30
[1, 0, 1, 0, 0, 0, 0, 0, 0, 0] 30
[0, 0, 1, 1, 0, 0, 0, 0, 0, 0] 30
[0, 1, 1, 0, 0, 0, 0, 0, 0, 0] 30
[0, 1, 1, 0, 0, 0, 0, 0, 0, 0] 30
[0, 0, 1, 1, 0, 0, 0, 0, 0, 0] 30
[1, 0, 1, 0, 0, 0, 0, 0, 0, 0] 30
[0, 0, 1, 1, 0, 0, 0, 0, 0, 0] 30
[1, 0, 1, 0, 0, 0, 0, 0, 0, 0] 30
[1, 0, 1, 0, 0, 0, 0, 0, 0, 0] 30
[0, 1, 1, 0, 0, 0, 0, 0, 0, 0] 30
[0, 1, 1, 0, 0, 0, 0, 0, 0, 0] 30
[0, 0, 1, 1, 0, 0, 0, 0, 0, 0] 30
[0, 1, 1, 0, 0, 0, 0, 0, 0, 0] 30
[0, 0, 1, 1, 0, 0, 0, 0, 0, 0] 30
[0, 0, 1, 1, 0, 0, 0, 0, 0, 0] 30
[0, 0, 1, 1, 0, 0, 0, 0, 0, 0] 30
[0, 0, 1, 1, 0, 0, 0, 0, 0, 0] 30
[0, 1, 1, 0, 0, 0, 0, 0, 0, 0] 30
[0, 0, 1, 1, 0, 0, 0, 0, 0, 0] 30
[1, 0, 1, 0, 0, 0, 0, 0, 0, 0] 30
[0, 1, 1, 0, 0, 0, 0, 0, 0, 0] 30
[1, 0, 1, 0, 0, 0, 0, 0, 0, 0] 30
[0, 1, 1, 0, 0, 0, 0, 0, 0, 0] 30
[1, 0, 1, 0, 0, 0, 0, 0, 0, 0] 30
[1, 0, 1, 0, 0, 0, 0, 0, 0, 0] 30
[1, 0, 1, 0, 0, 0, 0, 0, 0, 0] 30
[1, 0, 1, 0, 0, 0, 0, 0, 0, 0] 30
[0, 0, 0, 1, 0, 0, 0, 0, 0, 0] 20
[1, 0, 0, 0, 0, 0, 0, 0, 0, 0] 20
[0, 0, 0, 1, 0, 0, 0, 0, 0, 0] 20
[0, 1, 0, 0, 0, 0, 0, 0, 0, 0] 20
[1, 0, 0, 0, 0, 0, 0, 0, 0, 0] 20
[0, 1, 0, 0, 0, 0, 0, 0, 0, 0] 20
[1, 0, 0, 0, 0, 0, 0, 0, 0, 0] 20
[0, 1, 0, 0, 0, 0, 0, 0, 0, 0] 20
[0, 0, 0, 1, 0, 0, 0, 0, 0, 0] 20
[1, 0, 0, 0, 0, 0, 0, 0, 0, 0] 20
[0, 1, 0, 0, 0, 0, 0, 0, 0, 0] 20
[1, 0, 0, 0, 0, 0, 0, 0, 0, 0] 20
[1, 0, 0, 0, 0, 0, 0, 0, 0, 0] 20
[0, 1, 0, 0, 0, 0, 0, 0, 0, 0] 20
[0, 0, 0, 1, 0, 0, 0, 0, 0, 0] 20
[0, 0, 0, 1, 0, 0, 0, 0, 0, 0] 20
[0, 1, 0, 0, 0, 0, 0, 0, 0, 0] 20
[0, 0, 0, 1, 0, 0, 0, 0, 0, 0] 20
[0, 0, 0, 1, 0, 0, 0, 0, 0, 0] 20
[1, 0, 0, 0, 0, 0, 0, 0, 0, 0] 20
[0, 1, 0, 0, 0, 0, 0, 0, 0, 0] 20
[0, 1, 0, 0, 0, 0, 0, 0, 0, 0] 20
[1, 0, 0, 0, 0, 0, 0, 0, 0, 0] 20
[0, 1, 0, 0, 0, 0, 0, 0, 0, 0] 20
[1, 0, 0, 0, 0, 0, 0, 0, 0, 0] 20
[0, 0, 0, 1, 0, 0, 0, 0, 0, 0] 20
[1, 0, 0, 0, 0, 0, 0, 0, 0, 0] 20
[0, 1, 0, 0, 0, 0, 0, 0, 0, 0] 20
[1, 0, 0, 0, 0, 0, 0, 0, 0, 0] 20
[0, 1, 0, 0, 0, 0, 0, 0, 0, 0] 20
[0, 1, 0, 0, 0, 0, 0, 0, 0, 0] 20
[1, 0, 0, 0, 0, 0, 0, 0, 0, 0] 20
[1, 0, 0, 0, 0, 0, 0, 0, 0, 0] 20
[0, 1, 0, 0, 0, 0, 0, 0, 0, 0] 20
[0, 1, 0, 0, 0, 0, 0, 0, 0, 0] 20
[0, 1, 0, 0, 0, 0, 0, 0, 0, 0] 20
[0, 1, 0, 0, 0, 0, 0, 0, 0, 0] 20
[0, 0, 0, 1, 0, 0, 0, 0, 0, 0] 20
[1, 0, 0, 0, 0, 0, 0, 0, 0, 0] 20
[0, 1, 0, 0, 0, 0, 0, 0, 0, 0] 20
[1, 0, 0, 0, 0, 0, 0, 0, 0, 0] 20
[0, 0, 0, 1, 0, 0, 0, 0, 0, 0] 20
[0, 1, 0, 0, 0, 0, 0, 0, 0, 0] 20
[0, 0, 0, 1, 0, 0, 0, 0, 0, 0] 20
[0, 1, 0, 0, 0, 0, 0, 0, 0, 0] 20
[0, 1, 0, 0, 0, 0, 0, 0, 0, 0] 20
[0, 1, 0, 0, 0, 0, 0, 0, 0, 0] 20
[0, 1, 0, 0, 0, 0, 0, 0, 0, 0] 20
[0, 0, 1, 0, 0, 0, 0, 0, 0, 0] 10
[0, 0, 1, 0, 0, 0, 0, 0, 0, 0] 10
[0, 0, 1, 0, 0, 0, 0, 0, 0, 0] 10
[0, 0, 1, 0, 0, 0, 0, 0, 0, 0] 10
[0, 0, 1, 0, 0, 0, 0, 0, 0, 0] 10
[0, 0, 1, 0, 0, 0, 0, 0, 0, 0] 10
[0, 0, 1, 0, 0, 0, 0, 0, 0, 0] 10
[0, 0, 1, 0, 0, 0, 0, 0, 0, 0] 10
[0, 0, 1, 0, 0, 0, 0, 0, 0, 0] 10
[0, 0, 1, 0, 0, 0, 0, 0, 0, 0] 10
[0, 0, 1, 0, 0, 0, 0, 0, 0, 0] 10
[0, 0, 1, 0, 0, 0, 0, 0, 0, 0] 10
[0, 0, 1, 0, 0, 0, 0, 0, 0, 0] 10
[0, 0, 0, 0, 0, 0, 0, 0, 0, 0] 0
[0, 0, 0, 0, 0, 0, 0, 0, 0, 0] 0
[0, 0, 0, 0, 0, 0, 0, 0, 0, 0] 0
[0, 0, 0, 0, 0, 0, 0, 0, 0, 0] 0
[0, 0, 0, 0, 0, 0, 0, 0, 0, 0] 0
[0, 0, 0, 0, 0, 0, 0, 0, 0, 0] 0
[0, 0, 0, 0, 0, 0, 0, 0, 0, 0] 0
[0, 0, 0, 0, 0, 0, 0, 0, 0, 0] 0
[0, 0, 0, 0, 0, 0, 0, 0, 0, 0] 0
[0, 0, 0, 0, 0, 0, 0, 0, 0, 0] 0
[0, 0, 0, 0, 0, 0, 0, 0, 0, 0] 0
[0, 0, 0, 0, 0, 0, 0, 0, 0, 0] 0
[0, 0, 0, 0, 0, 0, 0, 0, 0, 0] 0
[0, 0, 0, 0, 0, 0, 0, 0, 0, 0] 0
[0, 0, 0, 0, 0, 0, 0, 0, 0, 0] 0
[0, 0, 0, 0, 0, 0, 0, 0, 0, 0] 0
[0, 0, 0, 0, 0, 0, 0, 0, 0, 0] 0






[1, 1, 0, 0, 0, 0, 0, 0, 0, 0] 20
[1, 1, 0, 0, 0, 0, 0, 0, 0, 0] 20
[1, 1, 0, 0, 0, 0, 0, 0, 0, 0] 20
[1, 1, 0, 0, 0, 0, 0, 0, 0, 0] 20
[1, 1, 0, 0, 0, 0, 0, 0, 0, 0] 20
[1, 1, 0, 0, 0, 0, 0, 0, 0, 0] 20
[1, 1, 0, 0, 0, 0, 0, 0, 0, 0] 20
[1, 1, 0, 0, 0, 0, 0, 0, 0, 0] 20
[1, 1, 0, 0, 0, 0, 0, 0, 0, 0] 20
[1, 1, 0, 0, 0, 0, 0, 0, 0, 0] 20
[1, 1, 0, 1, 0, 0, 0, 0, 0, 0] 10
[1, 1, 0, 1, 0, 0, 0, 0, 0, 0] 10
[1, 1, 0, 1, 0, 0, 0, 0, 0, 0] 10
[1, 1, 0, 1, 0, 0, 0, 0, 0, 0] 10
[1, 1, 0, 1, 0, 0, 0, 0, 0, 0] 10
[1, 1, 0, 1, 0, 0, 0, 0, 0, 0] 10
[1, 1, 0, 1, 0, 0, 0, 0, 0, 0] 10
[1, 1, 0, 1, 0, 0, 0, 0, 0, 0] 10
[1, 1, 0, 1, 0, 0, 0, 0, 0, 0] 10
[1, 1, 0, 1, 0, 0, 0, 0, 0, 0] 10
[1, 1, 0, 1, 0, 0, 0, 0, 0, 0] 10
[1, 1, 0, 1, 0, 0, 0, 0, 0, 0] 10
[1, 1, 0, 1, 0, 0, 0, 0, 0, 0] 10
[1, 1, 0, 1, 0, 0, 0, 0, 0, 0] 10
[1, 1, 0, 1, 0, 0, 0, 0, 0, 0] 10
[1, 1, 0, 1, 0, 0, 0, 0, 0, 0] 10
[1, 1, 0, 1, 0, 0, 0, 0, 0, 0] 10
[1, 1, 0, 1, 0, 0, 0, 0, 0, 0] 10
[1, 1, 0, 1, 0, 0, 0, 0, 0, 0] 10
[1, 0, 0, 0, 0, 0, 0, 0, 0, 0] 10
[0, 1, 0, 0, 0, 0, 0, 0, 0, 0] 10
[1, 0, 0, 0, 0, 0, 0, 0, 0, 0] 10
[0, 1, 0, 0, 0, 0, 0, 0, 0, 0] 10
[1, 0, 0, 0, 0, 0, 0, 0, 0, 0] 10
[0, 1, 0, 0, 0, 0, 0, 0, 0, 0] 10
[1, 0, 0, 0, 0, 0, 0, 0, 0, 0] 10
[0, 1, 0, 0, 0, 0, 0, 0, 0, 0] 10
[1, 0, 0, 0, 0, 0, 0, 0, 0, 0] 10
[1, 0, 0, 0, 0, 0, 0, 0, 0, 0] 10
[0, 1, 0, 0, 0, 0, 0, 0, 0, 0] 10
[0, 1, 0, 0, 0, 0, 0, 0, 0, 0] 10
[1, 0, 0, 0, 0, 0, 0, 0, 0, 0] 10
[0, 1, 0, 0, 0, 0, 0, 0, 0, 0] 10
[0, 1, 0, 0, 0, 0, 0, 0, 0, 0] 10
[1, 0, 0, 0, 0, 0, 0, 0, 0, 0] 10
[0, 1, 0, 0, 0, 0, 0, 0, 0, 0] 10
[1, 0, 0, 0, 0, 0, 0, 0, 0, 0] 10
[1, 0, 0, 0, 0, 0, 0, 0, 0, 0] 10
[0, 1, 0, 0, 0, 0, 0, 0, 0, 0] 10
[1, 0, 0, 0, 0, 0, 0, 0, 0, 0] 10
[0, 1, 0, 0, 0, 0, 0, 0, 0, 0] 10
[0, 1, 0, 0, 0, 0, 0, 0, 0, 0] 10
[1, 0, 0, 0, 0, 0, 0, 0, 0, 0] 10
[1, 0, 0, 0, 0, 0, 0, 0, 0, 0] 10
[0, 1, 0, 0, 0, 0, 0, 0, 0, 0] 10
[0, 1, 0, 0, 0, 0, 0, 0, 0, 0] 10
[0, 1, 0, 0, 0, 0, 0, 0, 0, 0] 10
[0, 1, 0, 0, 0, 0, 0, 0, 0, 0] 10
[1, 0, 0, 0, 0, 0, 0, 0, 0, 0] 10
[0, 1, 0, 0, 0, 0, 0, 0, 0, 0] 10
[1, 0, 0, 0, 0, 0, 0, 0, 0, 0] 10
[0, 1, 0, 0, 0, 0, 0, 0, 0, 0] 10
[0, 1, 0, 0, 0, 0, 0, 0, 0, 0] 10
[0, 1, 0, 0, 0, 0, 0, 0, 0, 0] 10
[0, 1, 0, 0, 0, 0, 0, 0, 0, 0] 10
[0, 1, 0, 0, 0, 0, 0, 0, 0, 0] 10
[1, 0, 0, 1, 0, 0, 0, 0, 0, 0] 0
[0, 1, 0, 1, 0, 0, 0, 0, 0, 0] 0
[1, 0, 0, 1, 0, 0, 0, 0, 0, 0] 0
[1, 0, 0, 1, 0, 0, 0, 0, 0, 0] 0
[0, 1, 0, 1, 0, 0, 0, 0, 0, 0] 0
[0, 1, 0, 1, 0, 0, 0, 0, 0, 0] 0
[0, 1, 0, 1, 0, 0, 0, 0, 0, 0] 0
[1, 0, 0, 1, 0, 0, 0, 0, 0, 0] 0
[0, 1, 0, 1, 0, 0, 0, 0, 0, 0] 0
[0, 1, 0, 1, 0, 0, 0, 0, 0, 0] 0
[0, 1, 0, 1, 0, 0, 0, 0, 0, 0] 0
[0, 1, 0, 1, 0, 0, 0, 0, 0, 0] 0
[1, 0, 0, 1, 0, 0, 0, 0, 0, 0] 0
[1, 0, 0, 1, 0, 0, 0, 0, 0, 0] 0
[1, 0, 0, 1, 0, 0, 0, 0, 0, 0] 0
[0, 1, 0, 1, 0, 0, 0, 0, 0, 0] 0
[1, 0, 0, 1, 0, 0, 0, 0, 0, 0] 0
[1, 0, 0, 1, 0, 0, 0, 0, 0, 0] 0
[1, 0, 0, 1, 0, 0, 0, 0, 0, 0] 0
[1, 0, 0, 1, 0, 0, 0, 0, 0, 0] 0
[1, 0, 0, 1, 0, 0, 0, 0, 0, 0] 0
[1, 0, 0, 1, 0, 0, 0, 0, 0, 0] 0
[1, 0, 0, 1, 0, 0, 0, 0, 0, 0] 0
[1, 0, 0, 1, 0, 0, 0, 0, 0, 0] 0
[1, 0, 0, 1, 0, 0, 0, 0, 0, 0] 0
[0, 1, 0, 1, 0, 0, 0, 0, 0, 0] 0
[1, 0, 0, 1, 0, 0, 0, 0, 0, 0] 0
[1, 0, 0, 1, 0, 0, 0, 0, 0, 0] 0
[0, 1, 0, 1, 0, 0, 0, 0, 0, 0] 0
[1, 0, 0, 1, 0, 0, 0, 0, 0, 0] 0
[1, 0, 0, 1, 0, 0, 0, 0, 0, 0] 0
[1, 0, 0, 1, 0, 0, 0, 0, 0, 0] 0
[1, 0, 0, 1, 0, 0, 0, 0, 0, 0] 0
[1, 0, 0, 1, 0, 0, 0, 0, 0, 0] 0
[0, 1, 0, 1, 0, 0, 0, 0, 0, 0] 0
[0, 1, 0, 1, 0, 0, 0, 0, 0, 0] 0
[0, 1, 0, 1, 0, 0, 0, 0, 0, 0] 0
[0, 1, 0, 1, 0, 0, 0, 0, 0, 0] 0
[0, 1, 0, 1, 0, 0, 0, 0, 0, 0] 0
[0, 1, 0, 1, 0, 0, 0, 0, 0, 0] 0
[0, 0, 0, 0, 0, 0, 0, 0, 0, 0] 0
[0, 0, 0, 0, 0, 0, 0, 0, 0, 0] 0
[0, 0, 0, 0, 0, 0, 0, 0, 0, 0] 0
[0, 0, 0, 0, 0, 0, 0, 0, 0, 0] 0
[0, 0, 0, 0, 0, 0, 0, 0, 0, 0] 0
[0, 0, 0, 0, 0, 0, 0, 0, 0, 0] 0
[0, 0, 0, 0, 0, 0, 0, 0, 0, 0] 0
[0, 0, 0, 0, 0, 0, 0, 0, 0, 0] 0
[0, 0, 0, 0, 0, 0, 0, 0, 0, 0] 0
[0, 0, 0, 0, 0, 0, 0, 0, 0, 0] 0
[0, 0, 0, 0, 0, 0, 0, 0, 0, 0] 0
[0, 0, 0, 0, 0, 0, 0, 0, 0, 0] 0
[0, 0, 0, 0, 0, 0, 0, 0, 0, 0] 0
[0, 0, 0, 0, 0, 0, 0, 0, 0, 0] 0
[0, 0, 0, 0, 0, 0, 0, 0, 0, 0] 0
[0, 0, 0, 0, 0, 0, 0, 0, 0, 0] 0
[0, 0, 0, 0, 0, 0, 0, 0, 0, 0] 0
[1, 1, 1, 0, 0, 0, 0, 0, 0, 0] -10
[1, 1, 1, 0, 0, 0, 0, 0, 0, 0] -10
[1, 1, 1, 0, 0, 0, 0, 0, 0, 0] -10
[1, 1, 1, 0, 0, 0, 0, 0, 0, 0] -10
[1, 1, 1, 0, 0, 0, 0, 0, 0, 0] -10
[1, 1, 1, 0, 0, 0, 0, 0, 0, 0] -10
[1, 1, 1, 0, 0, 0, 0, 0, 0, 0] -10
[1, 1, 1, 0, 0, 0, 0, 0, 0, 0] -10
[1, 1, 1, 0, 0, 0, 0, 0, 0, 0] -10
[1, 1, 1, 0, 0, 0, 0, 0, 0, 0] -10
[1, 1, 1, 0, 0, 0, 0, 0, 0, 0] -10
[1, 1, 1, 0, 0, 0, 0, 0, 0, 0] -10
[1, 1, 1, 0, 0, 0, 0, 0, 0, 0] -10
[1, 1, 1, 0, 0, 0, 0, 0, 0, 0] -10
[0, 0, 0, 1, 0, 0, 0, 0, 0, 0] -10
[0, 0, 0, 1, 0, 0, 0, 0, 0, 0] -10
[0, 0, 0, 1, 0, 0, 0, 0, 0, 0] -10
[0, 0, 0, 1, 0, 0, 0, 0, 0, 0] -10
[0, 0, 0, 1, 0, 0, 0, 0, 0, 0] -10
[0, 0, 0, 1, 0, 0, 0, 0, 0, 0] -10
[0, 0, 0, 1, 0, 0, 0, 0, 0, 0] -10
[0, 0, 0, 1, 0, 0, 0, 0, 0, 0] -10
[0, 0, 0, 1, 0, 0, 0, 0, 0, 0] -10
[0, 0, 0, 1, 0, 0, 0, 0, 0, 0] -10
[0, 0, 0, 1, 0, 0, 0, 0, 0, 0] -10
[1, 1, 1, 1, 0, 0, 0, 0, 0, 0] -20
[1, 1, 1, 1, 0, 0, 0, 0, 0, 0] -20
[1, 1, 1, 1, 0, 0, 0, 0, 0, 0] -20
[1, 1, 1, 1, 0, 0, 0, 0, 0, 0] -20
[1, 1, 1, 1, 0, 0, 0, 0, 0, 0] -20
[1, 1, 1, 1, 0, 0, 0, 0, 0, 0] -20
[1, 1, 1, 1, 0, 0, 0, 0, 0, 0] -20
[1, 1, 1, 1, 0, 0, 0, 0, 0, 0] -20
[1, 1, 1, 1, 0, 0, 0, 0, 0, 0] -20
[1, 1, 1, 1, 0, 0, 0, 0, 0, 0] -20
[1, 1, 1, 1, 0, 0, 0, 0, 0, 0] -20
[1, 1, 1, 1, 0, 0, 0, 0, 0, 0] -20
[1, 1, 1, 1, 0, 0, 0, 0, 0, 0] -20
[0, 1, 1, 0, 0, 0, 0, 0, 0, 0] -20
[1, 0, 1, 0, 0, 0, 0, 0, 0, 0] -20
[0, 1, 1, 0, 0, 0, 0, 0, 0, 0] -20
[1, 0, 1, 0, 0, 0, 0, 0, 0, 0] -20
[0, 1, 1, 0, 0, 0, 0, 0, 0, 0] -20
[1, 0, 1, 0, 0, 0, 0, 0, 0, 0] -20
[0, 1, 1, 0, 0, 0, 0, 0, 0, 0] -20
[0, 1, 1, 0, 0, 0, 0, 0, 0, 0] -20
[1, 0, 1, 0, 0, 0, 0, 0, 0, 0] -20
[1, 0, 1, 0, 0, 0, 0, 0, 0, 0] -20
[1, 0, 1, 0, 0, 0, 0, 0, 0, 0] -20
[0, 1, 1, 0, 0, 0, 0, 0, 0, 0] -20
[0, 1, 1, 0, 0, 0, 0, 0, 0, 0] -20
[0, 1, 1, 0, 0, 0, 0, 0, 0, 0] -20
[0, 1, 1, 0, 0, 0, 0, 0, 0, 0] -20
[1, 0, 1, 0, 0, 0, 0, 0, 0, 0] -20
[0, 1, 1, 0, 0, 0, 0, 0, 0, 0] -20
[1, 0, 1, 0, 0, 0, 0, 0, 0, 0] -20
[0, 1, 1, 0, 0, 0, 0, 0, 0, 0] -20
[1, 0, 1, 0, 0, 0, 0, 0, 0, 0] -20
[1, 0, 1, 0, 0, 0, 0, 0, 0, 0] -20
[1, 0, 1, 0, 0, 0, 0, 0, 0, 0] -20
[1, 0, 1, 0, 0, 0, 0, 0, 0, 0] -20
[1, 0, 1, 1, 0, 0, 0, 0, 0, 0] -30
[0, 1, 1, 1, 0, 0, 0, 0, 0, 0] -30
[1, 0, 1, 1, 0, 0, 0, 0, 0, 0] -30
[1, 0, 1, 1, 0, 0, 0, 0, 0, 0] -30
[0, 1, 1, 1, 0, 0, 0, 0, 0, 0] -30
[1, 0, 1, 1, 0, 0, 0, 0, 0, 0] -30
[0, 1, 1, 1, 0, 0, 0, 0, 0, 0] -30
[0, 1, 1, 1, 0, 0, 0, 0, 0, 0] -30
[1, 0, 1, 1, 0, 0, 0, 0, 0, 0] -30
[1, 0, 1, 1, 0, 0, 0, 0, 0, 0] -30
[0, 1, 1, 1, 0, 0, 0, 0, 0, 0] -30
[1, 0, 1, 1, 0, 0, 0, 0, 0, 0] -30
[1, 0, 1, 1, 0, 0, 0, 0, 0, 0] -30
[1, 0, 1, 1, 0, 0, 0, 0, 0, 0] -30
[0, 1, 1, 1, 0, 0, 0, 0, 0, 0] -30
[1, 0, 1, 1, 0, 0, 0, 0, 0, 0] -30
[0, 1, 1, 1, 0, 0, 0, 0, 0, 0] -30
[1, 0, 1, 1, 0, 0, 0, 0, 0, 0] -30
[1, 0, 1, 1, 0, 0, 0, 0, 0, 0] -30
[1, 0, 1, 1, 0, 0, 0, 0, 0, 0] -30
[0, 1, 1, 1, 0, 0, 0, 0, 0, 0] -30
[1, 0, 1, 1, 0, 0, 0, 0, 0, 0] -30
[0, 1, 1, 1, 0, 0, 0, 0, 0, 0] -30
[0, 1, 1, 1, 0, 0, 0, 0, 0, 0] -30
[0, 1, 1, 1, 0, 0, 0, 0, 0, 0] -30
[0, 1, 1, 1, 0, 0, 0, 0, 0, 0] -30
[1, 0, 1, 1, 0, 0, 0, 0, 0, 0] -30
[1, 0, 1, 1, 0, 0, 0, 0, 0, 0] -30
[1, 0, 1, 1, 0, 0, 0, 0, 0, 0] -30
[0, 1, 1, 1, 0, 0, 0, 0, 0, 0] -30
[1, 0, 1, 1, 0, 0, 0, 0, 0, 0] -30
[0, 0, 1, 0, 0, 0, 0, 0, 0, 0] -30
[0, 0, 1, 0, 0, 0, 0, 0, 0, 0] -30
[0, 0, 1, 0, 0, 0, 0, 0, 0, 0] -30
[0, 0, 1, 0, 0, 0, 0, 0, 0, 0] -30
[0, 0, 1, 0, 0, 0, 0, 0, 0, 0] -30
[0, 0, 1, 0, 0, 0, 0, 0, 0, 0] -30
[0, 0, 1, 0, 0, 0, 0, 0, 0, 0] -30
[0, 0, 1, 0, 0, 0, 0, 0, 0, 0] -30
[0, 0, 1, 0, 0, 0, 0, 0, 0, 0] -30
[0, 0, 1, 0, 0, 0, 0, 0, 0, 0] -30
[0, 0, 1, 0, 0, 0, 0, 0, 0, 0] -30
[0, 0, 1, 0, 0, 0, 0, 0, 0, 0] -30
[0, 0, 1, 0, 0, 0, 0, 0, 0, 0] -30
[0, 0, 1, 1, 0, 0, 0, 0, 0, 0] -40
[0, 0, 1, 1, 0, 0, 0, 0, 0, 0] -40
[0, 0, 1, 1, 0, 0, 0, 0, 0, 0] -40
[0, 0, 1, 1, 0, 0, 0, 0, 0, 0] -40
[0, 0, 1, 1, 0, 0, 0, 0, 0, 0] -40
[0, 0, 1, 1, 0, 0, 0, 0, 0, 0] -40
[0, 0, 1, 1, 0, 0, 0, 0, 0, 0] -40
[0, 0, 1, 1, 0, 0, 0, 0, 0, 0] -40
[0, 0, 1, 1, 0, 0, 0, 0, 0, 0] -40
[0, 0, 1, 1, 0, 0, 0, 0, 0, 0] -40
[1, 1, 0, 0, 0, 1, 0, 0, 0, 0] -50
[1, 1, 0, 0, 1, 0, 0, 0, 0, 0] -50
[1, 1, 0, 0, 0, 1, 0, 0, 0, 0] -50
[1, 1, 0, 0, 0, 1, 0, 0, 0, 0] -50
[1, 1, 0, 0, 1, 0, 0, 0, 0, 0] -50
[1, 1, 0, 0, 1, 0, 0, 0, 0, 0] -50
[1, 1, 0, 0, 0, 1, 0, 0, 0, 0] -50
[1, 1, 0, 0, 0, 1, 0, 0, 0, 0] -50
[1, 1, 0, 0, 0, 1, 0, 0, 0, 0] -50
[1, 1, 0, 0, 1, 0, 0, 0, 0, 0] -50
[1, 1, 0, 0, 1, 0, 0, 0, 0, 0] -50
[1, 1, 0, 0, 1, 0, 0, 0, 0, 0] -50
[1, 1, 0, 0, 1, 0, 0, 0, 0, 0] -50
[1, 1, 0, 0, 1, 0, 0, 0, 0, 0] -50
[1, 1, 0, 0, 1, 0, 0, 0, 0, 0] -50
[1, 1, 0, 0, 0, 1, 0, 0, 0, 0] -50
[1, 1, 0, 0, 1, 0, 0, 0, 0, 0] -50
[1, 1, 0, 0, 1, 0, 0, 0, 0, 0] -50
[1, 1, 0, 0, 1, 0, 0, 0, 0, 0] -50
[1, 1, 0, 0, 1, 0, 0, 0, 0, 0] -50
[1, 1, 0, 1, 1, 0, 0, 0, 0, 0] -60
[1, 1, 0, 1, 0, 1, 0, 0, 0, 0] -60
[1, 1, 0, 1, 0, 1, 0, 0, 0, 0] -60
[1, 1, 0, 1, 1, 0, 0, 0, 0, 0] -60
[1, 1, 0, 1, 0, 1, 0, 0, 0, 0] -60
[1, 1, 0, 1, 1, 0, 0, 0, 0, 0] -60
[1, 1, 0, 1, 0, 1, 0, 0, 0, 0] -60
[1, 1, 0, 1, 0, 1, 0, 0, 0, 0] -60
[1, 1, 0, 1, 0, 1, 0, 0, 0, 0] -60
[1, 1, 0, 1, 0, 1, 0, 0, 0, 0] -60
[1, 1, 0, 1, 0, 1, 0, 0, 0, 0] -60
[1, 1, 0, 1, 1, 0, 0, 0, 0, 0] -60
[1, 1, 0, 1, 0, 1, 0, 0, 0, 0] -60
[1, 1, 0, 1, 0, 1, 0, 0, 0, 0] -60
[1, 1, 0, 1, 1, 0, 0, 0, 0, 0] -60
[1, 1, 0, 1, 0, 1, 0, 0, 0, 0] -60
[1, 1, 0, 1, 1, 0, 0, 0, 0, 0] -60
[1, 1, 0, 1, 1, 0, 0, 0, 0, 0] -60
[1, 1, 0, 1, 0, 1, 0, 0, 0, 0] -60
[1, 1, 0, 1, 0, 1, 0, 0, 0, 0] -60
[1, 1, 0, 1, 0, 1, 0, 0, 0, 0] -60
[1, 1, 0, 1, 0, 1, 0, 0, 0, 0] -60
[1, 1, 0, 1, 0, 1, 0, 0, 0, 0] -60
[1, 1, 0, 1, 1, 0, 0, 0, 0, 0] -60
[1, 1, 0, 1, 1, 0, 0, 0, 0, 0] -60
[1, 1, 0, 1, 0, 1, 0, 0, 0, 0] -60
[1, 1, 0, 1, 1, 0, 0, 0, 0, 0] -60
[1, 1, 0, 1, 0, 1, 0, 0, 0, 0] -60
[1, 1, 0, 1, 0, 1, 0, 0, 0, 0] -60
[1, 1, 0, 1, 0, 1, 0, 0, 0, 0] -60
[1, 1, 0, 1, 0, 1, 0, 0, 0, 0] -60
[1, 1, 0, 1, 0, 1, 0, 0, 0, 0] -60
[0, 1, 0, 0, 0, 1, 0, 0, 0, 0] -60
[0, 1, 0, 0, 0, 1, 0, 0, 0, 0] -60
[0, 1, 0, 0, 0, 1, 0, 0, 0, 0] -60
[1, 0, 0, 0, 1, 0, 0, 0, 0, 0] -60
[1, 0, 0, 0, 0, 1, 0, 0, 0, 0] -60
[0, 1, 0, 0, 1, 0, 0, 0, 0, 0] -60
[0, 1, 0, 0, 0, 1, 0, 0, 0, 0] -60
[1, 0, 0, 0, 1, 0, 0, 0, 0, 0] -60
[1, 0, 0, 0, 0, 1, 0, 0, 0, 0] -60
[1, 0, 0, 0, 1, 0, 0, 0, 0, 0] -60
[1, 0, 0, 0, 0, 1, 0, 0, 0, 0] -60
[0, 1, 0, 0, 1, 0, 0, 0, 0, 0] -60
[0, 1, 0, 0, 1, 0, 0, 0, 0, 0] -60
[0, 1, 0, 0, 0, 1, 0, 0, 0, 0] -60
[1, 0, 0, 0, 0, 1, 0, 0, 0, 0] -60
[0, 1, 0, 0, 1, 0, 0, 0, 0, 0] -60
[0, 1, 0, 0, 1, 0, 0, 0, 0, 0] -60
[0, 1, 0, 0, 0, 1, 0, 0, 0, 0] -60
[1, 0, 0, 0, 0, 1, 0, 0, 0, 0] -60
[1, 0, 0, 0, 1, 0, 0, 0, 0, 0] -60
[1, 0, 0, 0, 0, 1, 0, 0, 0, 0] -60
[0, 1, 0, 0, 1, 0, 0, 0, 0, 0] -60
[1, 0, 0, 0, 1, 0, 0, 0, 0, 0] -60
[0, 1, 0, 0, 0, 1, 0, 0, 0, 0] -60
[0, 1, 0, 0, 1, 0, 0, 0, 0, 0] -60
[0, 1, 0, 0, 1, 0, 0, 0, 0, 0] -60
[1, 0, 0, 0, 0, 1, 0, 0, 0, 0] -60
[1, 0, 0, 0, 0, 1, 0, 0, 0, 0] -60
[1, 0, 0, 0, 0, 1, 0, 0, 0, 0] -60
[1, 0, 0, 0, 1, 0, 0, 0, 0, 0] -60
[1, 0, 0, 0, 0, 1, 0, 0, 0, 0] -60
[0, 1, 0, 0, 1, 0, 0, 0, 0, 0] -60
[1, 0, 0, 0, 1, 0, 0, 0, 0, 0] -60
[1, 0, 0, 0, 0, 1, 0, 0, 0, 0] -60
[0, 1, 0, 0, 0, 1, 0, 0, 0, 0] -60
[1, 0, 0, 0, 1, 0, 0, 0, 0, 0] -60
[1, 0, 0, 0, 0, 1, 0, 0, 0, 0] -60
[0, 1, 0, 0, 0, 1, 0, 0, 0, 0] -60
[0, 1, 0, 0, 0, 1, 0, 0, 0, 0] -60
[0, 1, 0, 0, 0, 1, 0, 0, 0, 0] -60
[1, 0, 0, 0, 0, 1, 0, 0, 0, 0] -60
[1, 0, 0, 0, 1, 0, 0, 0, 0, 0] -60
[0, 1, 0, 0, 1, 0, 0, 0, 0, 0] -60
[0, 1, 0, 0, 0, 1, 0, 0, 0, 0] -60
[0, 1, 0, 0, 1, 0, 0, 0, 0, 0] -60
[1, 0, 0, 0, 1, 0, 0, 0, 0, 0] -60
[0, 1, 0, 0, 0, 1, 0, 0, 0, 0] -60
[1, 0, 0, 0, 1, 0, 0, 0, 0, 0] -60
[0, 1, 0, 0, 1, 0, 0, 0, 0, 0] -60
[0, 1, 0, 0, 0, 1, 0, 0, 0, 0] -60
[1, 0, 0, 0, 0, 1, 0, 0, 0, 0] -60
[1, 0, 0, 0, 1, 0, 0, 0, 0, 0] -60
[0, 1, 0, 0, 1, 0, 0, 0, 0, 0] -60
[0, 1, 0, 0, 0, 1, 0, 0, 0, 0] -60
[1, 0, 0, 0, 0, 1, 0, 0, 0, 0] -60
[1, 0, 0, 0, 1, 0, 0, 0, 0, 0] -60
[1, 0, 0, 0, 1, 0, 0, 0, 0, 0] -60
[1, 0, 0, 0, 1, 0, 0, 0, 0, 0] -60
[1, 0, 0, 0, 1, 0, 0, 0, 0, 0] -60
[0, 1, 0, 0, 0, 1, 0, 0, 0, 0] -60
[0, 1, 0, 0, 1, 0, 0, 0, 0, 0] -60
[0, 1, 0, 0, 0, 1, 0, 0, 0, 0] -60
[1, 0, 0, 0, 1, 0, 0, 0, 0, 0] -60
[1, 0, 0, 0, 0, 1, 0, 0, 0, 0] -60
[1, 0, 0, 0, 0, 1, 0, 0, 0, 0] -60
[1, 0, 0, 0, 1, 0, 0, 0, 0, 0] -60
[1, 0, 0, 0, 1, 0, 0, 0, 0, 0] -60
[0, 1, 0, 0, 1, 0, 0, 0, 0, 0] -60
[1, 0, 0, 1, 0, 1, 0, 0, 0, 0] -70
[0, 1, 0, 1, 1, 0, 0, 0, 0, 0] -70
[1, 0, 0, 1, 1, 0, 0, 0, 0, 0] -70
[1, 0, 0, 1, 0, 1, 0, 0, 0, 0] -70
[1, 0, 0, 1, 1, 0, 0, 0, 0, 0] -70
[1, 0, 0, 1, 1, 0, 0, 0, 0, 0] -70
[0, 1, 0, 1, 1, 0, 0, 0, 0, 0] -70
[0, 1, 0, 1, 1, 0, 0, 0, 0, 0] -70
[1, 0, 0, 1, 0, 1, 0, 0, 0, 0] -70
[0, 1, 0, 1, 1, 0, 0, 0, 0, 0] -70
[0, 1, 0, 1, 0, 1, 0, 0, 0, 0] -70
[0, 1, 0, 1, 1, 0, 0, 0, 0, 0] -70
[1, 0, 0, 1, 1, 0, 0, 0, 0, 0] -70
[0, 1, 0, 1, 1, 0, 0, 0, 0, 0] -70
[1, 0, 0, 1, 1, 0, 0, 0, 0, 0] -70
[1, 0, 0, 1, 0, 1, 0, 0, 0, 0] -70
[1, 0, 0, 1, 0, 1, 0, 0, 0, 0] -70
[0, 1, 0, 1, 0, 1, 0, 0, 0, 0] -70
[0, 1, 0, 1, 1, 0, 0, 0, 0, 0] -70
[1, 0, 0, 1, 0, 1, 0, 0, 0, 0] -70
[1, 0, 0, 1, 0, 1, 0, 0, 0, 0] -70
[0, 1, 0, 1, 0, 1, 0, 0, 0, 0] -70
[0, 1, 0, 1, 1, 0, 0, 0, 0, 0] -70
[0, 1, 0, 1, 1, 0, 0, 0, 0, 0] -70
[1, 0, 0, 1, 0, 1, 0, 0, 0, 0] -70
[0, 1, 0, 1, 1, 0, 0, 0, 0, 0] -70
[0, 1, 0, 1, 0, 1, 0, 0, 0, 0] -70
[1, 0, 0, 1, 0, 1, 0, 0, 0, 0] -70
[0, 1, 0, 1, 0, 1, 0, 0, 0, 0] -70
[1, 0, 0, 1, 0, 1, 0, 0, 0, 0] -70
[1, 0, 0, 1, 1, 0, 0, 0, 0, 0] -70
[0, 1, 0, 1, 1, 0, 0, 0, 0, 0] -70
[1, 0, 0, 1, 0, 1, 0, 0, 0, 0] -70
[0, 1, 0, 1, 1, 0, 0, 0, 0, 0] -70
[0, 1, 0, 1, 0, 1, 0, 0, 0, 0] -70
[1, 0, 0, 1, 0, 1, 0, 0, 0, 0] -70
[1, 0, 0, 1, 1, 0, 0, 0, 0, 0] -70
[1, 0, 0, 1, 0, 1, 0, 0, 0, 0] -70
[0, 1, 0, 1, 1, 0, 0, 0, 0, 0] -70
[1, 0, 0, 1, 1, 0, 0, 0, 0, 0] -70
[0, 1, 0, 1, 0, 1, 0, 0, 0, 0] -70
[0, 1, 0, 1, 1, 0, 0, 0, 0, 0] -70
[1, 0, 0, 1, 1, 0, 0, 0, 0, 0] -70
[0, 1, 0, 1, 1, 0, 0, 0, 0, 0] -70
[0, 1, 0, 1, 0, 1, 0, 0, 0, 0] -70
[1, 0, 0, 1, 0, 1, 0, 0, 0, 0] -70
[0, 1, 0, 1, 1, 0, 0, 0, 0, 0] -70
[1, 0, 0, 1, 1, 0, 0, 0, 0, 0] -70
[0, 1, 0, 1, 0, 1, 0, 0, 0, 0] -70
[1, 0, 0, 1, 0, 1, 0, 0, 0, 0] -70
[0, 1, 0, 1, 1, 0, 0, 0, 0, 0] -70
[0, 1, 0, 1, 1, 0, 0, 0, 0, 0] -70
[1, 0, 0, 1, 0, 1, 0, 0, 0, 0] -70
[1, 0, 0, 1, 1, 0, 0, 0, 0, 0] -70
[0, 1, 0, 1, 0, 1, 0, 0, 0, 0] -70
[1, 0, 0, 1, 0, 1, 0, 0, 0, 0] -70
[1, 0, 0, 1, 1, 0, 0, 0, 0, 0] -70
[0, 1, 0, 1, 0, 1, 0, 0, 0, 0] -70
[1, 0, 0, 1, 1, 0, 0, 0, 0, 0] -70
[1, 0, 0, 1, 0, 1, 0, 0, 0, 0] -70
[0, 1, 0, 1, 0, 1, 0, 0, 0, 0] -70
[0, 1, 0, 1, 1, 0, 0, 0, 0, 0] -70
[0, 1, 0, 1, 0, 1, 0, 0, 0, 0] -70
[1, 0, 0, 1, 1, 0, 0, 0, 0, 0] -70
[1, 0, 0, 1, 0, 1, 0, 0, 0, 0] -70
[0, 0, 0, 0, 1, 0, 0, 0, 0, 0] -70
[0, 0, 0, 0, 1, 0, 0, 0, 0, 0] -70
[0, 0, 0, 0, 1, 0, 0, 0, 0, 0] -70
[0, 0, 0, 0, 0, 1, 0, 0, 0, 0] -70
[0, 0, 0, 0, 1, 0, 0, 0, 0, 0] -70
[0, 0, 0, 0, 1, 0, 0, 0, 0, 0] -70
[0, 0, 0, 0, 0, 1, 0, 0, 0, 0] -70
[0, 0, 0, 0, 1, 0, 0, 0, 0, 0] -70
[0, 0, 0, 0, 1, 0, 0, 0, 0, 0] -70
[0, 0, 0, 0, 1, 0, 0, 0, 0, 0] -70
[0, 0, 0, 0, 0, 1, 0, 0, 0, 0] -70
[0, 0, 0, 0, 1, 0, 0, 0, 0, 0] -70
[0, 0, 0, 0, 1, 0, 0, 0, 0, 0] -70
[0, 0, 0, 0, 1, 0, 0, 0, 0, 0] -70
[0, 0, 0, 0, 1, 0, 0, 0, 0, 0] -70
[0, 0, 0, 0, 1, 0, 0, 0, 0, 0] -70
[0, 0, 0, 0, 1, 0, 0, 0, 0, 0] -70
[0, 0, 0, 0, 0, 1, 0, 0, 0, 0] -70
[0, 0, 0, 0, 1, 0, 0, 0, 0, 0] -70
[0, 0, 0, 0, 1, 0, 0, 0, 0, 0] -70
[0, 0, 0, 0, 1, 0, 0, 0, 0, 0] -70
[0, 0, 0, 0, 1, 0, 0, 0, 0, 0] -70
[0, 0, 0, 0, 0, 1, 0, 0, 0, 0] -70
[0, 0, 0, 0, 1, 0, 0, 0, 0, 0] -70
[0, 0, 0, 0, 1, 0, 0, 0, 0, 0] -70
[0, 0, 0, 0, 1, 0, 0, 0, 0, 0] -70
[0, 0, 0, 0, 0, 1, 0, 0, 0, 0] -70
[0, 0, 0, 0, 0, 1, 0, 0, 0, 0] -70
[0, 0, 0, 0, 1, 0, 0, 0, 0, 0] -70
[0, 0, 0, 0, 1, 0, 0, 0, 0, 0] -70
[0, 0, 0, 0, 1, 0, 0, 0, 0, 0] -70
[1, 1, 1, 0, 0, 1, 0, 0, 0, 0] -80
[1, 1, 1, 0, 0, 1, 0, 0, 0, 0] -80
[1, 1, 1, 0, 1, 0, 0, 0, 0, 0] -80
[1, 1, 1, 0, 1, 0, 0, 0, 0, 0] -80
[1, 1, 1, 0, 1, 0, 0, 0, 0, 0] -80
[1, 1, 1, 0, 1, 0, 0, 0, 0, 0] -80
[1, 1, 1, 0, 1, 0, 0, 0, 0, 0] -80
[1, 1, 1, 0, 0, 1, 0, 0, 0, 0] -80
[1, 1, 1, 0, 0, 1, 0, 0, 0, 0] -80
[1, 1, 1, 0, 1, 0, 0, 0, 0, 0] -80
[1, 1, 1, 0, 1, 0, 0, 0, 0, 0] -80
[1, 1, 1, 0, 0, 1, 0, 0, 0, 0] -80
[1, 1, 1, 0, 0, 1, 0, 0, 0, 0] -80
[1, 1, 1, 0, 1, 0, 0, 0, 0, 0] -80
[1, 1, 1, 0, 1, 0, 0, 0, 0, 0] -80
[1, 1, 1, 0, 0, 1, 0, 0, 0, 0] -80
[1, 1, 1, 0, 1, 0, 0, 0, 0, 0] -80
[1, 1, 1, 0, 1, 0, 0, 0, 0, 0] -80
[1, 1, 1, 0, 1, 0, 0, 0, 0, 0] -80
[1, 1, 1, 0, 1, 0, 0, 0, 0, 0] -80
[1, 1, 1, 0, 0, 1, 0, 0, 0, 0] -80
[1, 1, 1, 0, 1, 0, 0, 0, 0, 0] -80
[1, 1, 1, 0, 1, 0, 0, 0, 0, 0] -80
[1, 1, 1, 0, 1, 0, 0, 0, 0, 0] -80
[1, 1, 1, 0, 1, 0, 0, 0, 0, 0] -80
[1, 1, 1, 0, 0, 1, 0, 0, 0, 0] -80
[1, 1, 1, 0, 0, 1, 0, 0, 0, 0] -80
[0, 0, 0, 1, 0, 1, 0, 0, 0, 0] -80
[0, 0, 0, 1, 1, 0, 0, 0, 0, 0] -80
[0, 0, 0, 1, 1, 0, 0, 0, 0, 0] -80
[0, 0, 0, 1, 1, 0, 0, 0, 0, 0] -80
[0, 0, 0, 1, 0, 1, 0, 0, 0, 0] -80
[0, 0, 0, 1, 0, 1, 0, 0, 0, 0] -80
[0, 0, 0, 1, 1, 0, 0, 0, 0, 0] -80
[0, 0, 0, 1, 1, 0, 0, 0, 0, 0] -80
[0, 0, 0, 1, 0, 1, 0, 0, 0, 0] -80
[0, 0, 0, 1, 1, 0, 0, 0, 0, 0] -80
[0, 0, 0, 1, 1, 0, 0, 0, 0, 0] -80
[0, 0, 0, 1, 1, 0, 0, 0, 0, 0] -80
[0, 0, 0, 1, 1, 0, 0, 0, 0, 0] -80
[0, 0, 0, 1, 0, 1, 0, 0, 0, 0] -80
[0, 0, 0, 1, 0, 1, 0, 0, 0, 0] -80
[0, 0, 0, 1, 1, 0, 0, 0, 0, 0] -80
[0, 0, 0, 1, 1, 0, 0, 0, 0, 0] -80
[0, 0, 0, 1, 0, 1, 0, 0, 0, 0] -80
[0, 0, 0, 1, 0, 1, 0, 0, 0, 0] -80
[0, 0, 0, 1, 0, 1, 0, 0, 0, 0] -80
[0, 0, 0, 1, 0, 1, 0, 0, 0, 0] -80
[0, 0, 0, 1, 0, 1, 0, 0, 0, 0] -80
[0, 0, 0, 1, 0, 1, 0, 0, 0, 0] -80
[0, 0, 0, 1, 1, 0, 0, 0, 0, 0] -80
[0, 0, 0, 1, 0, 1, 0, 0, 0, 0] -80
[0, 0, 0, 1, 1, 0, 0, 0, 0, 0] -80
[0, 0, 0, 1, 1, 0, 0, 0, 0, 0] -80
[1, 1, 1, 1, 1, 0, 0, 0, 0, 0] -90
[1, 1, 1, 1, 0, 1, 0, 0, 0, 0] -90
[1, 1, 1, 1, 0, 1, 0, 0, 0, 0] -90
[1, 1, 1, 1, 1, 0, 0, 0, 0, 0] -90
[1, 1, 1, 1, 1, 0, 0, 0, 0, 0] -90
[1, 1, 1, 1, 1, 0, 0, 0, 0, 0] -90
[1, 1, 1, 1, 1, 0, 0, 0, 0, 0] -90
[1, 1, 1, 1, 0, 1, 0, 0, 0, 0] -90
[1, 1, 1, 1, 1, 0, 0, 0, 0, 0] -90
[1, 1, 1, 1, 1, 0, 0, 0, 0, 0] -90
[1, 1, 1, 1, 1, 0, 0, 0, 0, 0] -90
[1, 1, 1, 1, 0, 1, 0, 0, 0, 0] -90
[1, 1, 1, 1, 0, 1, 0, 0, 0, 0] -90
[1, 1, 1, 1, 1, 0, 0, 0, 0, 0] -90
[1, 1, 1, 1, 0, 1, 0, 0, 0, 0] -90
[1, 1, 1, 1, 0, 1, 0, 0, 0, 0] -90
[1, 1, 1, 1, 1, 0, 0, 0, 0, 0] -90
[1, 1, 1, 1, 1, 0, 0, 0, 0, 0] -90
[1, 1, 1, 1, 1, 0, 0, 0, 0, 0] -90
[1, 1, 1, 1, 0, 1, 0, 0, 0, 0] -90
[1, 1, 1, 1, 1, 0, 0, 0, 0, 0] -90
[1, 1, 1, 1, 1, 0, 0, 0, 0, 0] -90
[1, 1, 1, 1, 1, 0, 0, 0, 0, 0] -90
[1, 1, 1, 1, 1, 0, 0, 0, 0, 0] -90
[1, 1, 1, 1, 0, 1, 0, 0, 0, 0] -90
[1, 1, 1, 1, 1, 0, 0, 0, 0, 0] -90
[1, 1, 1, 1, 0, 1, 0, 0, 0, 0] -90
[1, 1, 1, 1, 0, 1, 0, 0, 0, 0] -90
[1, 1, 1, 1, 0, 1, 0, 0, 0, 0] -90
[0, 1, 1, 0, 0, 1, 0, 0, 0, 0] -90
[1, 0, 1, 0, 0, 1, 0, 0, 0, 0] -90
[0, 1, 1, 0, 0, 1, 0, 0, 0, 0] -90
[1, 0, 1, 0, 1, 0, 0, 0, 0, 0] -90
[0, 1, 1, 0, 1, 0, 0, 0, 0, 0] -90
[0, 1, 1, 0, 0, 1, 0, 0, 0, 0] -90
[1, 0, 1, 0, 1, 0, 0, 0, 0, 0] -90
[0, 1, 1, 0, 1, 0, 0, 0, 0, 0] -90
[1, 0, 1, 0, 1, 0, 0, 0, 0, 0] -90
[1, 0, 1, 0, 1, 0, 0, 0, 0, 0] -90
[1, 0, 1, 0, 1, 0, 0, 0, 0, 0] -90
[0, 1, 1, 0, 0, 1, 0, 0, 0, 0] -90
[0, 1, 1, 0, 0, 1, 0, 0, 0, 0] -90
[0, 1, 1, 0, 1, 0, 0, 0, 0, 0] -90
[0, 1, 1, 0, 1, 0, 0, 0, 0, 0] -90
[1, 0, 1, 0, 1, 0, 0, 0, 0, 0] -90
[0, 1, 1, 0, 0, 1, 0, 0, 0, 0] -90
[0, 1, 1, 0, 1, 0, 0, 0, 0, 0] -90
[1, 0, 1, 0, 0, 1, 0, 0, 0, 0] -90
[1, 0, 1, 0, 1, 0, 0, 0, 0, 0] -90
[0, 1, 1, 0, 0, 1, 0, 0, 0, 0] -90
[0, 1, 1, 0, 1, 0, 0, 0, 0, 0] -90
[1, 0, 1, 0, 1, 0, 0, 0, 0, 0] -90
[1, 0, 1, 0, 0, 1, 0, 0, 0, 0] -90
[0, 1, 1, 0, 0, 1, 0, 0, 0, 0] -90
[1, 0, 1, 0, 0, 1, 0, 0, 0, 0] -90
[1, 0, 1, 0, 1, 0, 0, 0, 0, 0] -90
[1, 0, 1, 0, 0, 1, 0, 0, 0, 0] -90
[1, 0, 1, 0, 0, 1, 0, 0, 0, 0] -90
[1, 0, 1, 0, 1, 0, 0, 0, 0, 0] -90
[0, 1, 1, 0, 1, 0, 0, 0, 0, 0] -90
[0, 1, 1, 0, 0, 1, 0, 0, 0, 0] -90
[0, 1, 1, 0, 0, 1, 0, 0, 0, 0] -90
[0, 1, 1, 0, 0, 1, 0, 0, 0, 0] -90
[0, 1, 1, 0, 0, 1, 0, 0, 0, 0] -90
[1, 0, 1, 0, 1, 0, 0, 0, 0, 0] -90
[1, 0, 1, 0, 1, 0, 0, 0, 0, 0] -90
[1, 0, 1, 0, 1, 0, 0, 0, 0, 0] -90
[0, 1, 1, 0, 0, 1, 0, 0, 0, 0] -90
[0, 1, 1, 0, 0, 1, 0, 0, 0, 0] -90
[1, 0, 1, 0, 0, 1, 0, 0, 0, 0] -90
[0, 1, 1, 0, 0, 1, 0, 0, 0, 0] -90
[1, 0, 1, 0, 0, 1, 0, 0, 0, 0] -90
[0, 1, 1, 0, 0, 1, 0, 0, 0, 0] -90
[0, 1, 1, 0, 0, 1, 0, 0, 0, 0] -90
[1, 0, 1, 0, 1, 0, 0, 0, 0, 0] -90
[0, 1, 1, 0, 1, 0, 0, 0, 0, 0] -90
[1, 0, 1, 0, 0, 1, 0, 0, 0, 0] -90
[1, 0, 1, 0, 0, 1, 0, 0, 0, 0] -90
[1, 0, 1, 0, 0, 1, 0, 0, 0, 0] -90
[0, 1, 1, 0, 1, 0, 0, 0, 0, 0] -90
[1, 0, 1, 0, 0, 1, 0, 0, 0, 0] -90
[0, 1, 1, 0, 1, 0, 0, 0, 0, 0] -90
[1, 0, 1, 0, 1, 0, 0, 0, 0, 0] -90
[1, 0, 1, 0, 0, 1, 0, 0, 0, 0] -90
[0, 1, 1, 0, 1, 0, 0, 0, 0, 0] -90
[0, 1, 1, 0, 1, 0, 0, 0, 0, 0] -90
[1, 0, 1, 1, 0, 1, 0, 0, 0, 0] -100
[0, 1, 1, 1, 0, 1, 0, 0, 0, 0] -100
[0, 1, 1, 1, 1, 0, 0, 0, 0, 0] -100
[0, 1, 1, 1, 0, 1, 0, 0, 0, 0] -100
[0, 1, 1, 1, 0, 1, 0, 0, 0, 0] -100
[0, 1, 1, 1, 0, 1, 0, 0, 0, 0] -100
[0, 1, 1, 1, 0, 1, 0, 0, 0, 0] -100
[1, 0, 1, 1, 1, 0, 0, 0, 0, 0] -100
[0, 1, 1, 1, 0, 1, 0, 0, 0, 0] -100
[1, 0, 1, 1, 0, 1, 0, 0, 0, 0] -100
[0, 1, 1, 1, 1, 0, 0, 0, 0, 0] -100
[1, 0, 1, 1, 1, 0, 0, 0, 0, 0] -100
[1, 0, 1, 1, 0, 1, 0, 0, 0, 0] -100
[0, 1, 1, 1, 1, 0, 0, 0, 0, 0] -100
[1, 0, 1, 1, 0, 1, 0, 0, 0, 0] -100
[0, 1, 1, 1, 1, 0, 0, 0, 0, 0] -100
[0, 1, 1, 1, 1, 0, 0, 0, 0, 0] -100
[1, 0, 1, 1, 1, 0, 0, 0, 0, 0] -100
[1, 0, 1, 1, 0, 1, 0, 0, 0, 0] -100
[0, 1, 1, 1, 0, 1, 0, 0, 0, 0] -100
[0, 1, 1, 1, 1, 0, 0, 0, 0, 0] -100
[1, 0, 1, 1, 1, 0, 0, 0, 0, 0] -100
[1, 0, 1, 1, 0, 1, 0, 0, 0, 0] -100
[1, 0, 1, 1, 1, 0, 0, 0, 0, 0] -100
[0, 1, 1, 1, 0, 1, 0, 0, 0, 0] -100
[0, 1, 1, 1, 0, 1, 0, 0, 0, 0] -100
[1, 0, 1, 1, 0, 1, 0, 0, 0, 0] -100
[0, 1, 1, 1, 0, 1, 0, 0, 0, 0] -100
[0, 1, 1, 1, 1, 0, 0, 0, 0, 0] -100
[1, 0, 1, 1, 0, 1, 0, 0, 0, 0] -100
[1, 0, 1, 1, 1, 0, 0, 0, 0, 0] -100
[1, 0, 1, 1, 0, 1, 0, 0, 0, 0] -100
[1, 0, 1, 1, 0, 1, 0, 0, 0, 0] -100
[0, 1, 1, 1, 1, 0, 0, 0, 0, 0] -100
[0, 1, 1, 1, 1, 0, 0, 0, 0, 0] -100
[0, 1, 1, 1, 0, 1, 0, 0, 0, 0] -100
[0, 1, 1, 1, 0, 1, 0, 0, 0, 0] -100
[1, 0, 1, 1, 1, 0, 0, 0, 0, 0] -100
[0, 1, 1, 1, 0, 1, 0, 0, 0, 0] -100
[1, 0, 1, 1, 0, 1, 0, 0, 0, 0] -100
[1, 0, 1, 1, 1, 0, 0, 0, 0, 0] -100
[0, 1, 1, 1, 0, 1, 0, 0, 0, 0] -100
[0, 1, 1, 1, 0, 1, 0, 0, 0, 0] -100
[1, 0, 1, 1, 1, 0, 0, 0, 0, 0] -100
[1, 0, 1, 1, 1, 0, 0, 0, 0, 0] -100
[0, 1, 1, 1, 0, 1, 0, 0, 0, 0] -100
[1, 0, 1, 1, 0, 1, 0, 0, 0, 0] -100
[1, 0, 1, 1, 0, 1, 0, 0, 0, 0] -100
[0, 1, 1, 1, 0, 1, 0, 0, 0, 0] -100
[0, 1, 1, 1, 1, 0, 0, 0, 0, 0] -100
[1, 0, 1, 1, 0, 1, 0, 0, 0, 0] -100
[0, 1, 1, 1, 1, 0, 0, 0, 0, 0] -100
[0, 1, 1, 1, 0, 1, 0, 0, 0, 0] -100
[0, 1, 1, 1, 1, 0, 0, 0, 0, 0] -100
[0, 1, 1, 1, 0, 1, 0, 0, 0, 0] -100
[1, 0, 1, 1, 0, 1, 0, 0, 0, 0] -100
[1, 0, 1, 1, 1, 0, 0, 0, 0, 0] -100
[1, 0, 1, 1, 0, 1, 0, 0, 0, 0] -100
[1, 0, 1, 1, 1, 0, 0, 0, 0, 0] -100
[1, 0, 1, 1, 1, 0, 0, 0, 0, 0] -100
[1, 0, 1, 1, 1, 0, 0, 0, 0, 0] -100
[0, 0, 1, 0, 0, 1, 0, 0, 0, 0] -100
[0, 0, 1, 0, 0, 1, 0, 0, 0, 0] -100
[0, 0, 1, 0, 1, 0, 0, 0, 0, 0] -100
[0, 0, 1, 0, 0, 1, 0, 0, 0, 0] -100
[0, 0, 1, 0, 1, 0, 0, 0, 0, 0] -100
[0, 0, 1, 0, 1, 0, 0, 0, 0, 0] -100
[0, 0, 1, 0, 1, 0, 0, 0, 0, 0] -100
[0, 0, 1, 0, 0, 1, 0, 0, 0, 0] -100
[0, 0, 1, 0, 1, 0, 0, 0, 0, 0] -100
[0, 0, 1, 0, 0, 1, 0, 0, 0, 0] -100
[0, 0, 1, 0, 1, 0, 0, 0, 0, 0] -100
[0, 0, 1, 0, 1, 0, 0, 0, 0, 0] -100
[0, 0, 1, 0, 1, 0, 0, 0, 0, 0] -100
[0, 0, 1, 0, 1, 0, 0, 0, 0, 0] -100
[0, 0, 1, 0, 1, 0, 0, 0, 0, 0] -100
[0, 0, 1, 0, 1, 0, 0, 0, 0, 0] -100
[0, 0, 1, 0, 0, 1, 0, 0, 0, 0] -100
[0, 0, 1, 0, 1, 0, 0, 0, 0, 0] -100
[0, 0, 1, 0, 1, 0, 0, 0, 0, 0] -100
[0, 0, 1, 0, 0, 1, 0, 0, 0, 0] -100
[0, 0, 1, 0, 0, 1, 0, 0, 0, 0] -100
[0, 0, 1, 0, 1, 0, 0, 0, 0, 0] -100
[0, 0, 1, 0, 0, 1, 0, 0, 0, 0] -100
[0, 0, 1, 0, 0, 1, 0, 0, 0, 0] -100
[0, 0, 1, 0, 1, 0, 0, 0, 0, 0] -100
[0, 0, 1, 0, 0, 1, 0, 0, 0, 0] -100
[0, 0, 1, 0, 0, 1, 0, 0, 0, 0] -100
[0, 0, 1, 0, 1, 0, 0, 0, 0, 0] -100
[0, 0, 1, 0, 1, 0, 0, 0, 0, 0] -100
[0, 0, 1, 0, 1, 0, 0, 0, 0, 0] -100
[0, 0, 1, 0, 1, 0, 0, 0, 0, 0] -100
[0, 0, 1, 0, 0, 1, 0, 0, 0, 0] -100
[0, 0, 1, 0, 0, 1, 0, 0, 0, 0] -100
[0, 0, 1, 0, 0, 1, 0, 0, 0, 0] -100
[0, 0, 1, 0, 0, 1, 0, 0, 0, 0] -100
[0, 0, 1, 0, 1, 0, 0, 0, 0, 0] -100
[0, 0, 1, 1, 1, 0, 0, 0, 0, 0] -110
[0, 0, 1, 1, 0, 1, 0, 0, 0, 0] -110
[0, 0, 1, 1, 1, 0, 0, 0, 0, 0] -110
[0, 0, 1, 1, 1, 0, 0, 0, 0, 0] -110
[0, 0, 1, 1, 0, 1, 0, 0, 0, 0] -110
[0, 0, 1, 1, 0, 1, 0, 0, 0, 0] -110
[0, 0, 1, 1, 1, 0, 0, 0, 0, 0] -110
[0, 0, 1, 1, 1, 0, 0, 0, 0, 0] -110
[0, 0, 1, 1, 1, 0, 0, 0, 0, 0] -110
[0, 0, 1, 1, 0, 1, 0, 0, 0, 0] -110
[0, 0, 1, 1, 0, 1, 0, 0, 0, 0] -110
[0, 0, 1, 1, 0, 1, 0, 0, 0, 0] -110
[0, 0, 1, 1, 1, 0, 0, 0, 0, 0] -110
[0, 0, 1, 1, 0, 1, 0, 0, 0, 0] -110
[0, 0, 1, 1, 1, 0, 0, 0, 0, 0] -110
[0, 0, 1, 1, 1, 0, 0, 0, 0, 0] -110
[0, 0, 1, 1, 0, 1, 0, 0, 0, 0] -110
[0, 0, 1, 1, 0, 1, 0, 0, 0, 0] -110
[0, 0, 1, 1, 0, 1, 0, 0, 0, 0] -110
[0, 0, 1, 1, 0, 1, 0, 0, 0, 0] -110
[0, 0, 1, 1, 0, 1, 0, 0, 0, 0] -110
[0, 0, 1, 1, 1, 0, 0, 0, 0, 0] -110
[0, 0, 1, 1, 1, 0, 0, 0, 0, 0] -110
[0, 0, 1, 1, 0, 1, 0, 0, 0, 0] -110
[0, 0, 1, 1, 0, 1, 0, 0, 0, 0] -110
[0, 0, 1, 1, 0, 1, 0, 0, 0, 0] -110
[0, 0, 1, 1, 0, 1, 0, 0, 0, 0] -110
[0, 0, 1, 1, 1, 0, 0, 0, 0, 0] -110
[0, 0, 1, 1, 1, 0, 0, 0, 0, 0] -110
[0, 0, 1, 1, 0, 1, 0, 0, 0, 0] -110
[0, 0, 1, 1, 1, 0, 0, 0, 0, 0] -110
[0, 0, 1, 1, 1, 0, 0, 0, 0, 0] -110
[0, 0, 1, 1, 1, 0, 0, 0, 0, 0] -110
[0, 0, 1, 1, 1, 0, 0, 0, 0, 0] -110
[0, 0, 1, 1, 1, 0, 0, 0, 0, 0] -110
[0, 0, 1, 1, 0, 1, 0, 0, 0, 0] -110
[0, 0, 1, 1, 1, 0, 0, 0, 0, 0] -110
[0, 0, 1, 1, 1, 0, 0, 0, 0, 0] -110
[0, 0, 1, 1, 0, 1, 0, 0, 0, 0] -110
[0, 0, 1, 1, 1, 0, 0, 0, 0, 0] -110
[1, 1, 0, 0, 1, 1, 0, 0, 0, 0] -120
[1, 1, 0, 0, 1, 1, 0, 0, 0, 0] -120
[1, 1, 0, 0, 1, 1, 0, 0, 0, 0] -120
[1, 1, 0, 0, 1, 1, 0, 0, 0, 0] -120
[1, 1, 0, 0, 1, 1, 0, 0, 0, 0] -120
[1, 1, 0, 0, 1, 1, 0, 0, 0, 0] -120
[1, 1, 0, 0, 1, 1, 0, 0, 0, 0] -120
[1, 1, 0, 0, 1, 1, 0, 0, 0, 0] -120
[1, 1, 0, 0, 1, 1, 0, 0, 0, 0] -120
[1, 1, 0, 0, 1, 1, 0, 0, 0, 0] -120
[1, 1, 0, 0, 1, 1, 0, 0, 0, 0] -120
[1, 1, 0, 0, 1, 1, 0, 0, 0, 0] -120
[1, 1, 0, 0, 1, 1, 0, 0, 0, 0] -120
[1, 1, 0, 0, 1, 1, 0, 0, 0, 0] -120
[1, 1, 0, 1, 1, 1, 0, 0, 0, 0] -130
[1, 1, 0, 1, 1, 1, 0, 0, 0, 0] -130
[1, 1, 0, 1, 1, 1, 0, 0, 0, 0] -130
[1, 1, 0, 1, 1, 1, 0, 0, 0, 0] -130
[1, 1, 0, 1, 1, 1, 0, 0, 0, 0] -130
[1, 1, 0, 1, 1, 1, 0, 0, 0, 0] -130
[1, 1, 0, 1, 1, 1, 0, 0, 0, 0] -130
[1, 1, 0, 1, 1, 1, 0, 0, 0, 0] -130
[1, 1, 0, 1, 1, 1, 0, 0, 0, 0] -130
[1, 1, 0, 1, 1, 1, 0, 0, 0, 0] -130
[1, 1, 0, 1, 1, 1, 0, 0, 0, 0] -130
[1, 1, 0, 1, 1, 1, 0, 0, 0, 0] -130
[1, 1, 0, 1, 1, 1, 0, 0, 0, 0] -130
[1, 1, 0, 1, 1, 1, 0, 0, 0, 0] -130
[1, 1, 0, 1, 1, 1, 0, 0, 0, 0] -130
[1, 1, 0, 1, 1, 1, 0, 0, 0, 0] -130
[1, 1, 0, 1, 1, 1, 0, 0, 0, 0] -130
[1, 1, 0, 1, 1, 1, 0, 0, 0, 0] -130
[1, 1, 0, 1, 1, 1, 0, 0, 0, 0] -130
[1, 1, 0, 1, 1, 1, 0, 0, 0, 0] -130
[1, 1, 0, 1, 1, 1, 0, 0, 0, 0] -130
[0, 1, 0, 0, 1, 1, 0, 0, 0, 0] -130
[0, 1, 0, 0, 1, 1, 0, 0, 0, 0] -130
[1, 0, 0, 0, 1, 1, 0, 0, 0, 0] -130
[1, 0, 0, 0, 1, 1, 0, 0, 0, 0] -130
[1, 0, 0, 0, 1, 1, 0, 0, 0, 0] -130
[0, 1, 0, 0, 1, 1, 0, 0, 0, 0] -130
[1, 0, 0, 0, 1, 1, 0, 0, 0, 0] -130
[1, 0, 0, 0, 1, 1, 0, 0, 0, 0] -130
[1, 0, 0, 0, 1, 1, 0, 0, 0, 0] -130
[0, 1, 0, 0, 1, 1, 0, 0, 0, 0] -130
[0, 1, 0, 0, 1, 1, 0, 0, 0, 0] -130
[0, 1, 0, 0, 1, 1, 0, 0, 0, 0] -130
[0, 1, 0, 0, 1, 1, 0, 0, 0, 0] -130
[1, 0, 0, 0, 1, 1, 0, 0, 0, 0] -130
[0, 1, 0, 0, 1, 1, 0, 0, 0, 0] -130
[0, 1, 0, 0, 1, 1, 0, 0, 0, 0] -130
[1, 0, 0, 0, 1, 1, 0, 0, 0, 0] -130
[0, 1, 0, 0, 1, 1, 0, 0, 0, 0] -130
[0, 1, 0, 0, 1, 1, 0, 0, 0, 0] -130
[0, 1, 0, 0, 1, 1, 0, 0, 0, 0] -130
[0, 1, 0, 0, 1, 1, 0, 0, 0, 0] -130
[1, 0, 0, 0, 1, 1, 0, 0, 0, 0] -130
[0, 1, 0, 0, 1, 1, 0, 0, 0, 0] -130
[0, 1, 0, 0, 1, 1, 0, 0, 0, 0] -130
[1, 0, 0, 0, 1, 1, 0, 0, 0, 0] -130
[0, 1, 0, 0, 1, 1, 0, 0, 0, 0] -130
[0, 1, 0, 0, 1, 1, 0, 0, 0, 0] -130
[1, 0, 0, 0, 1, 1, 0, 0, 0, 0] -130
[0, 1, 0, 1, 1, 1, 0, 0, 0, 0] -140
[0, 1, 0, 1, 1, 1, 0, 0, 0, 0] -140
[0, 1, 0, 1, 1, 1, 0, 0, 0, 0] -140
[1, 0, 0, 1, 1, 1, 0, 0, 0, 0] -140
[0, 1, 0, 1, 1, 1, 0, 0, 0, 0] -140
[1, 0, 0, 1, 1, 1, 0, 0, 0, 0] -140
[0, 1, 0, 1, 1, 1, 0, 0, 0, 0] -140
[1, 0, 0, 1, 1, 1, 0, 0, 0, 0] -140
[1, 0, 0, 1, 1, 1, 0, 0, 0, 0] -140
[1, 0, 0, 1, 1, 1, 0, 0, 0, 0] -140
[1, 0, 0, 1, 1, 1, 0, 0, 0, 0] -140
[0, 1, 0, 1, 1, 1, 0, 0, 0, 0] -140
[0, 1, 0, 1, 1, 1, 0, 0, 0, 0] -140
[0, 1, 0, 1, 1, 1, 0, 0, 0, 0] -140
[1, 0, 0, 1, 1, 1, 0, 0, 0, 0] -140
[1, 0, 0, 1, 1, 1, 0, 0, 0, 0] -140
[0, 1, 0, 1, 1, 1, 0, 0, 0, 0] -140
[1, 0, 0, 1, 1, 1, 0, 0, 0, 0] -140
[1, 0, 0, 1, 1, 1, 0, 0, 0, 0] -140
[0, 1, 0, 1, 1, 1, 0, 0, 0, 0] -140
[0, 1, 0, 1, 1, 1, 0, 0, 0, 0] -140
[0, 1, 0, 1, 1, 1, 0, 0, 0, 0] -140
[0, 1, 0, 1, 1, 1, 0, 0, 0, 0] -140
[1, 0, 0, 1, 1, 1, 0, 0, 0, 0] -140
[0, 1, 0, 1, 1, 1, 0, 0, 0, 0] -140
[1, 0, 0, 1, 1, 1, 0, 0, 0, 0] -140
[0, 1, 0, 1, 1, 1, 0, 0, 0, 0] -140
[1, 0, 0, 1, 1, 1, 0, 0, 0, 0] -140
[1, 0, 0, 1, 1, 1, 0, 0, 0, 0] -140
[0, 1, 0, 1, 1, 1, 0, 0, 0, 0] -140
[1, 0, 0, 1, 1, 1, 0, 0, 0, 0] -140
[1, 0, 0, 1, 1, 1, 0, 0, 0, 0] -140
[1, 0, 0, 1, 1, 1, 0, 0, 0, 0] -140
[1, 0, 0, 1, 1, 1, 0, 0, 0, 0] -140
[0, 1, 0, 1, 1, 1, 0, 0, 0, 0] -140
[1, 0, 0, 1, 1, 1, 0, 0, 0, 0] -140
[0, 1, 0, 1, 1, 1, 0, 0, 0, 0] -140
[0, 0, 0, 0, 1, 1, 0, 0, 0, 0] -140
[0, 0, 0, 0, 1, 1, 0, 0, 0, 0] -140
[0, 0, 0, 0, 1, 1, 0, 0, 0, 0] -140
[0, 0, 0, 0, 1, 1, 0, 0, 0, 0] -140
[0, 0, 0, 0, 1, 1, 0, 0, 0, 0] -140
[0, 0, 0, 0, 1, 1, 0, 0, 0, 0] -140
[0, 0, 0, 0, 1, 1, 0, 0, 0, 0] -140
[0, 0, 0, 0, 1, 1, 0, 0, 0, 0] -140
[0, 0, 0, 0, 1, 1, 0, 0, 0, 0] -140
[0, 0, 0, 0, 1, 1, 0, 0, 0, 0] -140
[0, 0, 0, 0, 1, 1, 0, 0, 0, 0] -140
[0, 0, 0, 0, 1, 1, 0, 0, 0, 0] -140
[0, 0, 0, 0, 1, 1, 0, 0, 0, 0] -140
[0, 0, 0, 0, 1, 1, 0, 0, 0, 0] -140
[1, 1, 1, 0, 1, 1, 0, 0, 0, 0] -150
[1, 1, 1, 0, 1, 1, 0, 0, 0, 0] -150
[1, 1, 1, 0, 1, 1, 0, 0, 0, 0] -150
[1, 1, 1, 0, 1, 1, 0, 0, 0, 0] -150
[1, 1, 1, 0, 1, 1, 0, 0, 0, 0] -150
[1, 1, 1, 0, 1, 1, 0, 0, 0, 0] -150
[1, 1, 1, 0, 1, 1, 0, 0, 0, 0] -150
[1, 1, 1, 0, 1, 1, 0, 0, 0, 0] -150
[1, 1, 1, 0, 1, 1, 0, 0, 0, 0] -150
[1, 1, 1, 0, 1, 1, 0, 0, 0, 0] -150
[1, 1, 1, 0, 1, 1, 0, 0, 0, 0] -150
[1, 1, 1, 0, 1, 1, 0, 0, 0, 0] -150
[1, 1, 1, 0, 1, 1, 0, 0, 0, 0] -150
[1, 1, 1, 0, 1, 1, 0, 0, 0, 0] -150
[1, 1, 1, 0, 1, 1, 0, 0, 0, 0] -150
[1, 1, 1, 0, 1, 1, 0, 0, 0, 0] -150
[1, 1, 1, 0, 1, 1, 0, 0, 0, 0] -150
[1, 1, 1, 0, 1, 1, 0, 0, 0, 0] -150
[1, 1, 1, 0, 1, 1, 0, 0, 0, 0] -150
[1, 1, 1, 0, 1, 1, 0, 0, 0, 0] -150
[1, 1, 1, 0, 1, 1, 0, 0, 0, 0] -150
[1, 1, 1, 0, 1, 1, 0, 0, 0, 0] -150
[0, 0, 0, 1, 1, 1, 0, 0, 0, 0] -150
[0, 0, 0, 1, 1, 1, 0, 0, 0, 0] -150
[0, 0, 0, 1, 1, 1, 0, 0, 0, 0] -150
[0, 0, 0, 1, 1, 1, 0, 0, 0, 0] -150
[0, 0, 0, 1, 1, 1, 0, 0, 0, 0] -150
[0, 0, 0, 1, 1, 1, 0, 0, 0, 0] -150
[0, 0, 0, 1, 1, 1, 0, 0, 0, 0] -150
[0, 0, 0, 1, 1, 1, 0, 0, 0, 0] -150
[0, 0, 0, 1, 1, 1, 0, 0, 0, 0] -150
[0, 0, 0, 1, 1, 1, 0, 0, 0, 0] -150
[0, 0, 0, 1, 1, 1, 0, 0, 0, 0] -150
[0, 0, 0, 1, 1, 1, 0, 0, 0, 0] -150
[1, 1, 1, 1, 1, 1, 0, 0, 0, 0] -160
[1, 1, 1, 1, 1, 1, 0, 0, 0, 0] -160
[1, 1, 1, 1, 1, 1, 0, 0, 0, 0] -160
[1, 1, 1, 1, 1, 1, 0, 0, 0, 0] -160
[1, 1, 1, 1, 1, 1, 0, 0, 0, 0] -160
[1, 1, 1, 1, 1, 1, 0, 0, 0, 0] -160
[1, 1, 1, 1, 1, 1, 0, 0, 0, 0] -160
[1, 1, 1, 1, 1, 1, 0, 0, 0, 0] -160
[1, 1, 1, 1, 1, 1, 0, 0, 0, 0] -160
[1, 1, 1, 1, 1, 1, 0, 0, 0, 0] -160
[1, 1, 1, 1, 1, 1, 0, 0, 0, 0] -160
[1, 1, 1, 1, 1, 1, 0, 0, 0, 0] -160
[1, 1, 1, 1, 1, 1, 0, 0, 0, 0] -160
[1, 1, 1, 1, 1, 1, 0, 0, 0, 0] -160
[1, 1, 1, 1, 1, 1, 0, 0, 0, 0] -160
[1, 0, 1, 0, 1, 1, 0, 0, 0, 0] -160
[0, 1, 1, 0, 1, 1, 0, 0, 0, 0] -160
[0, 1, 1, 0, 1, 1, 0, 0, 0, 0] -160
[1, 0, 1, 0, 1, 1, 0, 0, 0, 0] -160
[0, 1, 1, 0, 1, 1, 0, 0, 0, 0] -160
[0, 1, 1, 0, 1, 1, 0, 0, 0, 0] -160
[0, 1, 1, 0, 1, 1, 0, 0, 0, 0] -160
[0, 1, 1, 0, 1, 1, 0, 0, 0, 0] -160
[0, 1, 1, 0, 1, 1, 0, 0, 0, 0] -160
[0, 1, 1, 0, 1, 1, 0, 0, 0, 0] -160
[0, 1, 1, 0, 1, 1, 0, 0, 0, 0] -160
[1, 0, 1, 0, 1, 1, 0, 0, 0, 0] -160
[0, 1, 1, 0, 1, 1, 0, 0, 0, 0] -160
[0, 1, 1, 0, 1, 1, 0, 0, 0, 0] -160
[1, 0, 1, 0, 1, 1, 0, 0, 0, 0] -160
[0, 1, 1, 0, 1, 1, 0, 0, 0, 0] -160
[1, 0, 1, 0, 1, 1, 0, 0, 0, 0] -160
[0, 1, 1, 0, 1, 1, 0, 0, 0, 0] -160
[1, 0, 1, 0, 1, 1, 0, 0, 0, 0] -160
[0, 1, 1, 0, 1, 1, 0, 0, 0, 0] -160
[0, 1, 1, 0, 1, 1, 0, 0, 0, 0] -160
[1, 0, 1, 0, 1, 1, 0, 0, 0, 0] -160
[1, 0, 1, 0, 1, 1, 0, 0, 0, 0] -160
[0, 1, 1, 0, 1, 1, 0, 0, 0, 0] -160
[0, 1, 1, 0, 1, 1, 0, 0, 0, 0] -160
[1, 0, 1, 0, 1, 1, 0, 0, 0, 0] -160
[1, 0, 1, 0, 1, 1, 0, 0, 0, 0] -160
[0, 1, 1, 0, 1, 1, 0, 0, 0, 0] -160
[0, 1, 1, 0, 1, 1, 0, 0, 0, 0] -160
[0, 1, 1, 0, 1, 1, 0, 0, 0, 0] -160
[0, 1, 1, 1, 1, 1, 0, 0, 0, 0] -170
[0, 1, 1, 1, 1, 1, 0, 0, 0, 0] -170
[0, 1, 1, 1, 1, 1, 0, 0, 0, 0] -170
[1, 0, 1, 1, 1, 1, 0, 0, 0, 0] -170
[0, 1, 1, 1, 1, 1, 0, 0, 0, 0] -170
[1, 0, 1, 1, 1, 1, 0, 0, 0, 0] -170
[0, 1, 1, 1, 1, 1, 0, 0, 0, 0] -170
[0, 1, 1, 1, 1, 1, 0, 0, 0, 0] -170
[1, 0, 1, 1, 1, 1, 0, 0, 0, 0] -170
[0, 1, 1, 1, 1, 1, 0, 0, 0, 0] -170
[1, 0, 1, 1, 1, 1, 0, 0, 0, 0] -170
[0, 1, 1, 1, 1, 1, 0, 0, 0, 0] -170
[0, 1, 1, 1, 1, 1, 0, 0, 0, 0] -170
[0, 1, 1, 1, 1, 1, 0, 0, 0, 0] -170
[1, 0, 1, 1, 1, 1, 0, 0, 0, 0] -170
[1, 0, 1, 1, 1, 1, 0, 0, 0, 0] -170
[0, 1, 1, 1, 1, 1, 0, 0, 0, 0] -170
[0, 1, 1, 1, 1, 1, 0, 0, 0, 0] -170
[1, 0, 1, 1, 1, 1, 0, 0, 0, 0] -170
[1, 0, 1, 1, 1, 1, 0, 0, 0, 0] -170
[1, 0, 1, 1, 1, 1, 0, 0, 0, 0] -170
[0, 1, 1, 1, 1, 1, 0, 0, 0, 0] -170
[0, 1, 1, 1, 1, 1, 0, 0, 0, 0] -170
[1, 0, 1, 1, 1, 1, 0, 0, 0, 0] -170
[1, 0, 1, 1, 1, 1, 0, 0, 0, 0] -170
[0, 1, 1, 1, 1, 1, 0, 0, 0, 0] -170
[1, 0, 1, 1, 1, 1, 0, 0, 0, 0] -170
[1, 0, 1, 1, 1, 1, 0, 0, 0, 0] -170
[1, 0, 1, 1, 1, 1, 0, 0, 0, 0] -170
[0, 1, 1, 1, 1, 1, 0, 0, 0, 0] -170
[1, 0, 1, 1, 1, 1, 0, 0, 0, 0] -170
[0, 1, 1, 1, 1, 1, 0, 0, 0, 0] -170
[1, 0, 1, 1, 1, 1, 0, 0, 0, 0] -170
[0, 0, 1, 0, 1, 1, 0, 0, 0, 0] -170
[0, 0, 1, 0, 1, 1, 0, 0, 0, 0] -170
[0, 0, 1, 0, 1, 1, 0, 0, 0, 0] -170
[0, 0, 1, 0, 1, 1, 0, 0, 0, 0] -170
[0, 0, 1, 0, 1, 1, 0, 0, 0, 0] -170
[0, 0, 1, 0, 1, 1, 0, 0, 0, 0] -170
[0, 0, 1, 0, 1, 1, 0, 0, 0, 0] -170
[0, 0, 1, 0, 1, 1, 0, 0, 0, 0] -170
[0, 0, 1, 0, 1, 1, 0, 0, 0, 0] -170
[0, 0, 1, 0, 1, 1, 0, 0, 0, 0] -170
[0, 0, 1, 0, 1, 1, 0, 0, 0, 0] -170
[0, 0, 1, 0, 1, 1, 0, 0, 0, 0] -170
[0, 0, 1, 0, 1, 1, 0, 0, 0, 0] -170
[0, 0, 1, 0, 1, 1, 0, 0, 0, 0] -170
[0, 0, 1, 0, 1, 1, 0, 0, 0, 0] -170
[0, 0, 1, 0, 1, 1, 0, 0, 0, 0] -170
[0, 0, 1, 0, 1, 1, 0, 0, 0, 0] -170
[0, 0, 1, 0, 1, 1, 0, 0, 0, 0] -170
[0, 0, 1, 0, 1, 1, 0, 0, 0, 0] -170
[0, 0, 1, 0, 1, 1, 0, 0, 0, 0] -170
[0, 0, 1, 0, 1, 1, 0, 0, 0, 0] -170
[0, 0, 1, 0, 1, 1, 0, 0, 0, 0] -170
[0, 0, 1, 1, 1, 1, 0, 0, 0, 0] -180
[0, 0, 1, 1, 1, 1, 0, 0, 0, 0] -180
[0, 0, 1, 1, 1, 1, 0, 0, 0, 0] -180
[0, 0, 1, 1, 1, 1, 0, 0, 0, 0] -180
[0, 0, 1, 1, 1, 1, 0, 0, 0, 0] -180
[0, 0, 1, 1, 1, 1, 0, 0, 0, 0] -180
[0, 0, 1, 1, 1, 1, 0, 0, 0, 0] -180
[0, 0, 1, 1, 1, 1, 0, 0, 0, 0] -180
[0, 0, 1, 1, 1, 1, 0, 0, 0, 0] -180
[0, 0, 1, 1, 1, 1, 0, 0, 0, 0] -180
[0, 0, 1, 1, 1, 1, 0, 0, 0, 0] -180
[0, 0, 1, 1, 1, 1, 0, 0, 0, 0] -180
[0, 0, 1, 1, 1, 1, 0, 0, 0, 0] -180
[0, 0, 1, 1, 1, 1, 0, 0, 0, 0] -180
[0, 0, 1, 1, 1, 1, 0, 0, 0, 0] -180
[0, 0, 1, 1, 1, 1, 0, 0, 0, 0] -180
[0, 0, 1, 1, 1, 1, 0, 0, 0, 0] -180
[0, 0, 1, 1, 1, 1, 0, 0, 0, 0] -180
[0, 0, 1, 1, 1, 1, 0, 0, 0, 0] -180
[0, 0, 1, 1, 1, 1, 0, 0, 0, 0] -180
[0, 0, 1, 1, 1, 1, 0, 0, 0, 0] -180
